cnom,cbin,ccon,xcon,ucon,y_t,y_d
2,1,4.5793672,.48056856,45.868523,1.5598984,1
1,0,1.9763528,.21137552,66.063782,.029296875,0
1,0,-3.8906364,-.22249909,42.030666,5.5947266,0
4,0,.60034978,-.31654483,48.843727,4.2403564,0
4,0,6.811358,.77905321,38.564007,8.9604492,0
4,1,-5.8312616,.31732202,73.023735,2.1017406,1
1,0,-3.3881688,-.043839473,66.049469,5.6639161,1
2,0,5.9809661,-.48648432,50.202133,7.3101597,1
4,0,-3.4722273,-.55456686,42.058952,9.5212402,0
1,0,5.5287032,-.63892657,61.226509,1.3121715,1
3,1,11.768579,.91631991,55.651711,2.072876,0
4,1,6.8758779,.18389057,73.844109,2.8694618,1
4,0,-11.766823,.75099444,42.442738,2.3261719,0
2,0,-.57107836,.67560357,61.686714,.89549243,1
4,0,-13.670938,.32572228,60.896297,4.1452627,1
1,1,.88752991,-.028242514,66.298409,5.68291,1
1,0,5.3650932,-.37241125,54.299305,1.9665527,0
3,0,-4.1348176,.17676221,65.041809,3.7503662,0
3,1,5.7374215,.15873171,68.30825,1.5504198,1
4,1,-7.4478908,.069982275,73.849861,3.8940473,1
3,0,12.34203,-.77703524,52.335316,4.6476841,1
1,0,-2.8352268,-.22229193,56.045372,1.6873779,0
3,0,2.5407465,-.9282198,57.283852,8.0292969,0
3,0,-11.739542,.31873339,48.582806,6.7320557,0
4,0,.49475542,-.21383585,71.879585,4.4160914,1
1,0,-.59806287,.26969203,42.653835,3.5153835,1
3,0,-5.5113025,.040557306,58.792568,4.1474748,1
3,0,-2.2574303,.53342134,58.138943,2.0684707,1
1,0,-13.821598,.061096225,70.279694,1.6731888,1
4,1,-3.5969596,.38297266,49.65205,2.7913518,1
4,0,1.3790194,-.10827244,61.941689,1.4584864,1
2,0,1.4106067,.33759925,45.833263,6.844481,1
1,0,-1.6072199,.28983635,49.307098,8.758667,0
1,0,11.709259,-.23763081,52.344269,1.3328857,0
2,0,-2.8026621,-.0083227754,35.960312,4.5134277,0
1,1,1.0849756,.48244119,67.953232,3.0697021,0
2,0,-1.0181093,-.089289375,61.288204,5.3035889,0
1,0,6.0361347,-.18557118,53.946251,4.394043,0
3,0,-6.680613,-.29731765,47.521603,6.6275043,1
1,0,.52529269,.27530053,49.901093,5.8973389,0
1,0,-8.0659904,.15296946,58.682716,2.3149281,1
4,0,10.285719,-.32247093,66.721329,.71533203,0
2,0,.18125425,.4178614,44.870636,4.0852351,1
3,0,.55581605,-.35593784,59.075184,2.5982666,0
2,0,1.1516348,.34678388,42.791828,.14575195,0
3,0,-1.8449814,-.78384161,64.479294,2.8800049,0
4,0,6.0630069,.023650136,44.819153,2.5864258,0
4,0,3.1692638,.16304696,55.154316,1.2940674,0
3,0,1.5960305,.13359614,59.109795,5.3779297,0
4,0,-5.022697,.051245667,58.828175,4.4053326,1
2,0,-10.764672,-.13168737,57.34697,5.8685303,0
2,0,.90222156,.46619007,57.927391,6.6451416,0
3,1,-2.9582698,.76510191,41.666409,.29638672,0
3,0,11.155272,.49874139,38.706646,3.4693117,1
2,0,-6.8624139,.62080717,54.04538,7.4814453,0
4,0,-4.7221913,.17894988,54.508968,2.2098811,1
3,0,.15023002,-.20356759,53.927555,9.4510345,1
3,0,-.69001269,.04083534,44.672852,3.8371582,0
2,0,12.180208,-.39517286,50.613289,.87332249,1
4,0,5.247735,-.85603029,49.050438,6.7854891,1
1,0,.6996668,-.32907835,56.617874,4.3128662,0
1,0,4.8209896,.29674754,42.718578,7.6932373,0
2,0,7.4317341,-.18387003,57.761341,5.4129848,1
4,0,.70414549,.26504284,59.468723,8.5024414,0
4,1,-1.4382926,-.0030402523,55.403427,3.3526611,0
1,0,2.2690213,-.27884114,47.726166,2.0328369,0
4,0,-.49562669,.060937915,51.025993,7.2493792,1
2,1,-3.4149282,.51177448,41.114887,3.5800431,1
4,0,-5.6179934,-.2722027,60.983185,.30895996,0
4,0,3.5465429,-.47982192,66.529488,2.4079788,1
4,0,2.9844699,.14641786,37.469719,8.8282471,0
2,1,-10.881818,-.10242677,71.534248,2.9240065,1
2,0,-5.6793656,.22942959,48.74691,4.1586657,1
1,0,-2.8280802,.2201755,46.940742,3.9655762,0
4,0,-12.686054,-.019493394,48.820267,1.3415653,1
2,0,2.1178951,-.69334799,62.964115,6.2883301,0
3,0,-3.3893485,.40843123,42.118492,3.7596164,1
3,0,1.3407741,-.63865787,61.372272,1.3778743,1
2,0,-1.5427752,-.58356661,77.625229,.32298613,1
3,0,7.1008172,.14284098,42.078674,2.5667725,0
2,0,-6.6832371,1.0285907,55.6436,4.6311035,0
4,1,-10.563489,.33849537,73.041039,1.4735115,1
4,0,-9.3823137,.38844299,67.780128,3.2780762,0
4,0,-14.757587,.076476783,73.687317,1.4750594,1
2,0,-8.3674526,-.43083665,52.359795,6.5692139,0
3,0,-6.7260857,-.25340578,63.365322,6.4034424,0
2,1,.31987649,.39565396,40.975525,2.3389077,1
2,0,1.9560984,-.033394318,59.117256,6.9747314,0
1,0,-7.8227153,.58164817,52.234795,4.3165283,0
3,1,-3.8986385,.12930609,63.63205,2.2239122,1
3,0,5.2736173,-.41784939,41.22736,3.3401763,1
2,1,6.546011,.90127951,26.311415,3.4398193,0
2,0,-5.6377721,.0650663,55.198029,4.3729248,0
4,0,4.7630839,-.10267916,29.516388,10.560772,1
2,0,-7.5993462,-.32149911,68.944466,.90477908,1
2,0,-1.0740439,-.15715359,50.442245,3.2824707,0
4,0,3.7830243,.49346462,51.828163,5.6663818,0
1,1,-8.9735622,.63921255,30.21773,1.2677002,0
1,1,-3.8303702,.039817791,74.791443,.38130677,1
4,0,-3.9492424,-.29995844,67.671913,1.6690083,1
3,0,-13.061491,.19436947,67.378983,.94360864,1
1,0,-4.994751,.53073835,40.160934,7.404541,0
3,0,-6.2398028,-.20261161,63.44194,10.358765,0
4,0,2.8978949,-.42505726,72.120232,4.9613853,1
2,0,-1.122209,-.10204684,54.503891,3.3729248,0
3,0,-4.6491232,-.00013242797,62.997845,6.2710171,1
3,0,5.2166147,-.65115345,68.158447,4.9594727,0
1,0,1.7103029,-.54869807,51.979103,7.2242217,1
1,0,-1.2471378,-.12435354,55.851547,2.9893816,1
4,0,2.1328464,.01286032,68.342033,8.6961374,1
1,1,5.2734427,.10706686,69.940254,3.9376564,1
3,0,-12.851117,.5370546,59.231834,1.4266721,1
4,0,-2.8786888,.72175807,44.949249,4.296875,0
3,0,.12665588,-.76655787,61.513367,.0092773438,0
2,0,2.0019903,-.060742769,44.581932,10.494141,0
3,0,-11.621046,.50580692,70.218391,.24475098,0
2,0,-4.1026673,-.011503645,54.81982,3.8400879,0
1,1,4.1197462,.79064429,40.489334,.46972656,0
4,1,.61806804,.43411002,60.094208,.59062403,1
1,0,-2.4898181,-.13611311,59.717255,1.1799316,0
3,0,-9.1405354,-.16023642,54.365475,2.1813965,0
4,1,-2.2671151,-.1004638,56.275288,3.2984915,1
3,1,3.2356005,-.016785566,45.108376,9.0027542,1
2,0,4.8198037,-.2294618,51.897404,1.647864,1
4,0,6.2197556,.20685545,61.443398,4.1862793,0
3,1,6.6012096,.37584078,47.876171,7.8340497,1
2,0,-6.8989186,.25773942,55.971809,6.4412842,0
1,1,13.907583,.35433659,52.044998,4.1383815,1
3,0,6.5579205,.10803805,57.286076,8.0355492,1
1,0,-8.0721159,-.3596583,59.163116,4.3766303,1
3,1,4.8461385,.15758476,64.465271,3.964776,1
3,0,3.8551595,-.32358786,50.922817,.5020752,0
1,0,16.435118,-.50374061,44.527466,7.2412109,0
4,0,5.4140911,-.27312842,45.439495,.30785009,1
1,0,-6.2163343,.45793703,44.164555,6.2126465,0
2,0,-10.802121,.071578078,47.081127,1.8881458,1
3,0,2.7115245,-.074777454,53.447853,5.0211263,1
3,1,6.4574528,.61612463,43.42049,7.3240161,1
3,0,-7.9101272,.22761475,85.483139,3.3112478,1
1,0,7.315114,-.27370185,57.947952,4.0627599,1
4,0,-2.4740109,.17535183,41.312866,1.965332,0
3,0,13.091882,-.18734948,52.908669,4.833252,0
2,0,-1.2952905,-.19702172,64.557632,.50854492,0
2,0,-7.5941849,-.35336205,54.028576,1.7601947,1
4,1,-4.363287,.55643767,44.022579,.95263928,1
1,1,-2.347537,.71043956,62.887165,2.2002921,1
2,0,-9.3351574,.11374605,74.394417,1.8553854,1
1,1,3.2349005,.19659047,42.832588,5.2443323,1
2,0,2.5096524,.25499621,47.342525,6.3653564,0
1,0,-3.4699428,.81234765,48.091084,4.8628073,1
1,1,3.6335509,-.26173016,31.196142,1.4060059,0
4,1,7.1124949,.27120706,48.722919,.46680716,1
4,0,-3.331037,.47160089,61.425781,7.6535645,0
2,0,2.3275242,-.47872555,56.946861,1.0212402,0
2,0,-5.8693676,-.0037386362,47.763279,1.3538818,0
3,1,-6.8019533,.58791751,59.046238,3.1417944,1
1,0,-3.9477003,-.44893265,59.210518,5.8786621,0
3,0,-2.2945962,.47222722,55.934967,2.145874,0
4,0,-1.7419538,.075449251,45.244064,6.8879395,0
2,0,4.404356,-.37263188,46.285904,.83501047,1
3,0,6.960475,.20912543,46.224136,4.8747559,0
1,1,-3.8057892,.89847046,62.131523,7.1689711,1
2,0,.2414234,.45421243,43.74897,1.5703125,0
4,0,-2.9496162,-.40965784,65.726707,1.927622,1
4,0,3.4290662,-.16642024,49.883362,1.8944092,0
2,0,-3.3969524,-.39293924,61.132717,4.9328642,1
3,0,-1.0414597,.49521121,62.690952,3.7650785,1
3,0,-8.7056322,-.26699743,64.839211,.58349609,0
3,1,2.3296742,.86291116,65.043785,1.8744401,1
1,0,7.1461959,-.49317753,58.764446,.27543515,1
4,0,3.3741112,-.12201034,39.270844,1.335083,0
1,0,-3.8799715,-.40224597,44.284634,5.6199565,1
3,0,-7.5741773,-.10837962,64.214012,5.0360107,0
1,0,-1.2083905,.14000583,54.464455,2.8747559,0
1,0,-3.7714887,.3341499,60.671288,1.9344482,0
2,1,-8.1476841,.77796197,60.804188,1.7046868,1
1,0,1.0521519,-.68105215,57.543957,5.2614365,1
4,1,-3.1239736,.42019185,46.852325,2.0927336,1
3,0,2.9793353,.03214322,38.443214,3.2236328,0
2,0,-.6872763,.23203427,47.526569,8.157093,1
2,0,11.141699,-.96924031,49.838966,5.1811523,0
2,0,-1.9295778,.11821081,54.983601,2.0145016,1
2,1,1.6562464,.8069694,52.650314,.069045298,1
4,1,3.0086303,.44310266,54.480213,5.2114687,1
4,0,2.5804179,.034189906,40.267307,10.910522,0
4,1,6.5299892,.12726691,31.447124,2.1278076,0
1,0,5.1190295,-.74033278,46.735428,.50953507,1
1,0,-.87687367,.2331568,45.41901,7.8752441,0
3,0,-6.3924203,.36479139,62.65247,5.3893332,1
1,0,-4.3925624,-.36084449,63.571014,1.1690526,1
2,0,-.94561946,-.5175482,62.235687,9.9897823,1
2,0,-5.2211761,.23123303,45.00391,3.4215088,0
3,0,5.7258773,-.44381878,34.704613,11.805542,0
4,0,6.1378794,-.32332048,58.905979,5.9523544,1
4,1,-7.0216312,.39474413,61.346138,2.6160889,0
2,0,1.6193651,-.92277855,56.418789,1.7875977,0
1,0,-9.2993832,-.13161221,63.878258,3.4884033,0
1,1,1.9260836,.5847733,36.918362,.80507225,1
1,0,-.71686554,-.38594496,59.871868,1.7990212,1
1,0,1.1303377,.52362663,54.094849,8.6943359,0
1,0,2.5080786,-.17004432,40.025677,5.6898193,0
4,0,-.91008121,.2074881,42.628246,6.1400146,0
2,0,4.4338794,.12615974,46.796692,3.2831643,1
1,0,7.3708119,.14358267,35.478565,6.3382568,0
1,0,9.0861416,-.14987099,58.510082,1.2912598,0
1,0,.42144153,-.17536625,58.42276,3.6789465,1
4,0,-2.9658475,-.88803166,65.475647,2.3774447,1
4,0,-1.1941398,-.23105569,73.684357,4.8065739,1
1,0,2.7245877,.043570705,58.47089,7.0200486,1
1,0,4.0037141,-1.0909028,70.963585,6.0443115,0
1,0,5.7018633,-.084299155,54.166977,3.8088379,0
4,1,7.6170535,-.7239753,62.38966,2.783567,1
2,0,-3.5632901,-.20651358,64.350891,5.8210449,0
1,1,3.8302875,.17927271,30.652124,8.013916,0
3,0,2.7947023,.28006208,56.230003,5.1187744,0
4,0,3.0095766,.22242959,55.402466,4.6895833,1
2,0,-6.746851,-.063336097,68.113174,.37438965,0
1,0,4.7523355,.48499158,43.427917,8.7349854,0
4,0,4.3441753,-.25216967,60.874966,7.4099069,1
2,0,9.6565762,-.29364973,55.668777,6.387598,1
2,0,3.6655328,.39541396,39.247597,11.029419,0
4,0,12.36577,.080388501,34.378963,5.7370605,0
1,0,-1.2184757,-.42286313,59.542309,7.1835942,1
2,0,3.7008932,-.40251854,52.549507,9.2271614,1
1,0,-1.4371819,-.35858402,76.187805,3.6915483,1
2,0,8.8318968,.24649622,54.549984,8.4648438,0
4,1,2.7555206,.7641691,55.407814,1.2243652,0
1,0,4.0242128,-.47851118,53.903042,8.0244141,0
4,1,3.9261408,.074551001,46.764294,2.0258348,1
3,0,-3.2911735,.50637436,62.057728,3.4287109,0
2,0,3.1899514,-.062184904,47.20113,.7265625,0
2,1,-7.5291719,-.30621275,64.786438,.49367851,1
3,0,7.5875993,-.048466716,52.622688,2.7158203,0
4,0,4.8022842,-.088058628,31.114529,3.0551758,0
2,0,-1.1816839,-.043463957,55.803291,.63818359,0
4,1,.80615342,1.2558652,30.137228,1.4573975,0
1,0,-2.7549505,-.84224576,64.159813,9.1900635,0
1,1,3.4970279,.62128145,57.017395,5.7450619,1
3,1,4.6586585,1.4616839,31.285355,3.7076416,0
2,0,-3.8245528,-.52970415,62.360718,2.0796161,1
3,0,-1.1307402,-.11120252,67.129967,1.3527392,1
1,1,7.9906874,.091327675,51.661507,3.8197021,0
1,1,6.9017315,.9179849,37.672173,1.5350342,0
4,1,-2.1009626,.78244823,43.29015,2.5497713,1
2,1,4.7287459,.19635023,74.389565,4.6794343,1
4,0,-4.2108188,.13711661,57.1366,6.2266207,1
4,0,.99646705,-.17690264,52.169827,4.2092853,1
1,1,10.158086,.80932659,40.006832,8.9959621,1
3,0,4.183701,-.68574834,68.670929,11.623413,0
2,0,-.13965444,.061291438,53.809261,2.2339466,1
1,0,2.6863596,-.00070565211,49.286304,1.7668368,1
2,1,5.3006001,-.45949596,39.612961,6.8690186,0
3,0,8.4768581,-.69684511,50.520645,3.3995361,0
4,1,6.3358893,-.052615292,56.716579,1.6736208,1
2,0,-.88139194,-.77959526,63.62244,2.3192084,1
2,0,-3.2929206,.26177573,59.27224,9.9069824,0
4,0,-12.119971,-.027185939,63.157787,.7088623,0
3,0,4.7961907,.023336355,51.874748,8.9302483,1
2,1,1.5173548,-.44304591,51.980919,2.6556654,1
2,0,4.6792598,.080909796,57.094128,1.5083691,1
1,0,-10.086648,.30805677,58.611401,2.2770996,0
1,0,-3.3282259,-.26710507,82.59272,2.2457275,0
1,0,-2.0275226,-.07805749,64.038048,7.3410754,1
3,0,-3.2277637,-.034456532,63.740845,2.993042,0
1,1,.76486826,1.0194154,58.309158,2.6314726,1
3,0,5.765048,-.14294727,54.52829,5.9659305,1
4,0,1.3147885,-.098864593,61.248299,4.1546235,1
2,0,2.1979339,.064803958,56.211201,6.473999,0
2,0,-12.129602,.0029445083,61.509766,1.2310791,0
4,0,11.984468,-.60687941,59.046547,6.3687673,1
1,0,4.1221752,-.97881204,71.366646,7.1868896,0
2,0,13.258374,-.53028923,59.742966,3.171875,0
4,1,-5.0680375,.27048451,57.572437,.19479632,1
4,0,4.5082169,.81127638,39.299248,2.8958628,1
1,0,5.1789484,-.082920484,51.460075,2.3803711,0
1,1,6.7804184,-.44219613,32.167858,2.5718994,0
1,1,4.0728998,.54846317,63.705421,3.9563355,1
3,0,6.2530117,-.74719316,45.01783,1.1793213,0
4,0,5.8407512,-.40182167,53.783916,8.6416016,0
1,0,5.9742713,-.84109747,53.404629,.17565918,0
2,1,2.9434381,-.53054351,64.10778,1.4532371,1
4,0,-16.468439,-.077453606,59.291817,3.5113356,1
4,0,.20943101,-.27323607,57.385941,2.1900635,0
4,0,3.6910784,.48423854,62.859886,5.6644287,0
2,0,5.0058022,-.55265129,77.633736,1.1793451,1
2,0,-4.3927846,-.10046119,50.627708,3.5350368,1
4,1,-6.3749413,.29583475,57.057957,2.2968919,1
4,0,3.6816592,-.23142476,62.540508,2.3854592,1
2,0,.46196151,-.58060718,68.570496,3.1077881,0
3,1,2.6520469,.26809698,57.643097,6.0019641,1
3,0,2.5508482,.031567004,63.476776,4.4279232,1
3,0,-9.2935715,-.052641939,61.638691,2.4919529,1
1,0,-4.5942106,.13301258,55.923878,.55405337,1
2,0,-1.814308,.26831812,58.193935,.0093994141,0
1,0,-13.508731,-.19542845,53.468876,2.7419434,0
3,0,-11.718196,.2372127,44.341118,6.4422607,0
1,1,5.7360735,.42707595,57.05434,3.6198921,1
1,0,-1.9444742,.33827099,58.452244,6.5868068,1
4,0,1.3920101,-.35363403,58.195087,3.1119134,1
4,0,-3.9336822,-.27086297,64.826408,5.0941162,0
3,0,3.0627546,.42166334,59.57777,3.0152588,0
1,0,6.6379919,-.53564757,67.534103,8.2714844,0
2,0,-6.1250935,.37371927,45.639633,.6986084,0
1,0,4.2744517,-1.0454859,47.78223,5.1828613,0
2,1,-11.196645,1.1157314,43.899315,2.84021,0
3,1,-2.3984504,.48994321,37.938931,3.6125278,1
4,0,5.8170943,-.30231187,38.116238,4.3505859,0
1,0,-.97630936,-.95343482,52.68634,2.9830322,0
3,0,7.3309188,.15769117,58.63295,1.3815861,1
1,0,1.9007539,-.082564041,48.928921,.57324219,0
3,1,-.15104391,1.4928793,32.47139,9.1767635,1
2,0,-7.7480149,-.80929577,62.616955,7.3531494,0
4,0,4.1159387,-.45984408,60.213284,3.6179199,0
2,1,-.85205495,.17439149,50.109882,3.1534841,1
3,0,-5.3814201,-.21422014,57.304344,.79174805,0
1,0,3.7089381,-.28335461,64.444458,8.7553711,0
3,0,7.531013,-.18243775,32.68401,7.3977051,0
2,0,-12.099556,-.028659126,79.642815,1.9597168,0
1,0,3.2371442,.46458599,43.647697,2.3098145,0
2,0,8.9542236,-.51650167,52.116207,5.0941162,0
3,0,-.26445001,.050636303,60.561798,2.5783691,0
2,0,-5.6249771,-.089357466,41.258907,8.3519325,1
2,0,-3.140224,-.56624639,68.119354,4.1436768,0
3,0,5.2328329,-.35603207,72.421761,3.3001709,0
1,0,1.3639245,-.69619477,43.449303,2.3039551,0
4,0,4.5743361,.39674905,40.266483,10.897583,0
3,0,-2.6085155,.10891211,50.061935,.61743164,0
3,0,3.1670947,.63734877,61.752758,2.1397264,1
3,0,-4.4462748,.18716888,51.107338,10.145142,0
1,0,-1.6020077,-.24276413,40.080883,8.654541,0
2,0,2.9277959,.54586649,34.601509,4.6508789,0
4,1,-4.7193589,.29470602,69.994171,1.6344125,1
2,1,-7.0402455,.44587627,70.865913,2.4822397,1
4,0,-1.9659237,-.044560455,70.320335,3.6200702,1
2,0,-2.1410613,-.40116853,60.580734,2.2790527,0
2,0,-.32359123,.21474028,42.148495,4.7537842,0
3,0,-.35997775,-.18748139,73.944412,.23571362,1
3,1,-.54097998,.90227926,55.968533,1.2609863,0
3,0,-9.040575,-.12579286,47.373577,3.2565575,1
4,0,-3.5382061,-.4861941,72.423538,5.5515022,1
2,0,-8.7073212,.41309696,68.7817,2.5211945,1
3,1,-2.503824,.81703949,39.923817,1.1191406,0
3,0,11.16608,-.018602345,48.861145,2.5065942,1
4,0,4.500186,.20422059,65.156174,7.2463379,0
1,0,4.5499139,-.051957961,60.786449,.25915527,0
4,0,-8.2231092,-.33337703,60.785744,9.4743881,1
1,0,-2.9320545,.11922735,50.559193,5.5662875,1
4,0,4.4123225,-.0418652,41.390945,3.4997559,0
1,0,6.252521,-.54196405,51.4669,4.6539307,0
2,0,-5.978416,-.52063048,53.492805,2.9645996,0
2,0,-11.103361,-.5850513,54.176857,2.2238121,1
2,0,-1.1713525,.21537633,42.764057,4.571701,1
1,0,12.772026,-.19863179,46.922672,7.6564131,1
1,0,3.9124417,.22705276,45.060261,9.8116245,1
3,0,-2.4373989,-.82630265,48.329975,10.495117,0
2,0,2.0142391,-.35145161,57.942291,3.1145339,1
2,0,5.0238447,.30351561,61.294098,5.682251,0
1,1,-.82843411,-.33854192,44.845108,.45422363,0
1,1,1.7974715,.74336624,48.243595,1.9551495,1
3,0,-7.7206006,-.10940046,75.478951,.8659668,0
1,0,6.9309196,-.13171439,50.470726,6.7225652,1
2,1,-3.5616038,.73983562,57.872353,1.4324452,1
2,0,-6.3906593,.055043686,56.216282,2.0167236,0
4,0,2.2967587,-.07066641,66.888824,7.8840122,1
1,0,2.3895478,-.63938588,65.074364,3.3351676,1
1,0,-4.1230035,-.060285937,46.426212,3.37854,0
4,1,-8.8533316,.88173783,40.308598,6.5592008,1
3,0,-4.4743829,.39774776,54.757179,3.9799616,1
2,0,-3.8540423,.18029621,58.609268,5.2836914,0
4,0,-4.2531204,-.71141452,53.038288,.5604248,0
3,0,.71890563,-.29635304,44.906944,1.7758789,0
3,1,-2.3456893,.9725644,36.754589,2.3630788,1
2,1,.73902011,.49048004,43.860546,5.9489746,0
2,0,1.9069347,.18515731,41.130554,6.5379639,0
4,0,1.4490454,-.96548498,61.149689,5.2299805,0
1,0,-4.2603178,.12006665,51.566936,6.5938721,0
1,1,-3.2538879,-.69169712,62.571018,.7689209,0
1,0,-5.7769065,-.3569622,58.530884,1.9273682,0
2,0,-1.4304788,-.16072215,47.810162,5.3214111,0
3,0,16.097811,-.10000315,51.811451,8.0808105,0
3,0,-3.2349308,.22185947,47.080364,3.2589393,1
4,0,2.4955704,-.062305246,57.668423,8.7188721,0
4,1,.52908778,-.09001936,32.779263,.49012601,1
3,0,1.8033999,-.10184669,61.059002,.84680176,0
1,0,2.2277122,-1.0945631,61.552956,7.0791016,0
2,0,.62895513,-1.2791048,57.373249,.80432129,0
3,1,5.5843205,.19287683,32.279449,9.0319176,1
2,0,-.63151842,.023913361,57.003029,1.5452937,1
3,0,.2128281,-.21387583,54.162407,2.033071,1
2,0,2.3348353,-.0072156,66.99398,5.6746178,1
2,0,3.314265,.31643417,26.803257,1.8015137,0
4,0,-3.9257817,-.25282893,54.660938,9.2448349,1
2,0,2.1721909,-.6359573,56.165615,4.0965576,0
3,0,-1.5326296,-.43360773,53.095581,7.4957275,0
1,0,.22645114,.22360505,46.28051,8.9500732,0
4,0,-.9722746,.078579947,40.164127,4.1347656,0
3,0,5.2339344,-.26774618,59.342228,2.1351318,0
1,0,-11.358249,.68815207,61.761597,.62788832,1
1,0,-5.2581525,.19764398,58.88636,4.4558597,1
2,1,1.6277316,.22862706,40.798336,7.7640381,0
1,0,2.8562305,.16309878,36.88216,1.4923096,0
4,0,2.2169371,-.40988925,52.401237,2.0932181,1
4,0,.28897214,-.11045454,54.120716,10.937167,1
3,0,-7.1352644,-.0277193,54.721706,4.4019775,0
4,0,7.7981167,-.18684655,57.399578,6.1744385,0
2,0,-2.7911386,.29121837,55.827858,10.156494,0
1,0,.8949067,-.36602199,71.496788,.77209473,0
4,0,.25939739,-.037371341,39.867859,7.619844,1
4,0,-3.4282894,-.43128148,50.595478,.76414275,1
2,0,10.755157,.15405186,33.394978,6.6842041,0
1,0,-.094222456,-.67519265,60.569973,5.9903812,1
2,0,-7.6785569,-.038213756,49.976089,3.4990516,1
2,1,3.7891235,.4803552,53.978504,1.3733596,1
1,0,-.12196211,-.18060626,62.547325,4.3825431,1
2,0,2.634073,.098767243,46.765755,7.3975229,1
1,0,-11.637645,.086384118,46.105827,5.8992591,1
4,1,.95419282,.88569587,28.683727,3.9813101,1
2,1,6.1451874,-.0038787324,34.173553,3.0779088,1
2,1,3.7753482,.26003376,41.588306,7.2069092,0
3,0,-1.4302779,-.086310424,49.977203,1.7110484,1
4,0,10.50887,-.19006327,50.077568,3.4327393,0
2,0,-9.6143684,.25539413,67.278793,3.7143719,1
2,1,-6.0734982,.49365133,55.628613,.61264241,1
1,1,-.030789271,-.42979088,71.433983,2.9769669,1
4,0,2.0279901,.099190392,42.518318,6.0528564,0
4,0,-6.8287792,-.21345283,68.585358,.44166723,1
4,0,2.7416735,-.12781872,56.749268,8.131958,0
2,0,-.092031427,.25237754,30.842461,.91296387,0
2,0,-.88809937,.38034156,37.506233,3.7614746,0
2,0,-.94420779,.004175833,63.443008,2.1577148,0
2,1,-6.9125533,.4233624,53.039993,4.0401073,1
1,0,3.4031332,-.15904211,69.737701,5.6366377,1
2,1,3.4263308,.24637517,47.576176,.34680176,0
4,1,2.0397325,.74377501,52.405067,5.154264,1
1,0,-10.935836,-.14134657,59.744526,11.285034,0
1,0,6.9342585,-.088948697,51.681911,10.689697,0
3,0,-6.804791,-.40635628,64.753563,.40332031,0
2,1,13.486781,.065088391,47.667519,2.4851525,1
2,0,-10.746589,.13218485,42.99992,1.078125,0
4,0,-7.7082472,.5849728,54.115288,2.7729492,0
4,0,6.6593738,-.51262057,61.97094,.289794,1
4,0,3.5015652,-.37765789,56.024414,1.7214016,1
4,0,-2.7342722,.086006626,66.342125,4.1832147,1
1,0,-6.0640903,-.31782052,75.471237,1.2327881,0
4,0,2.6404691,.25853363,44.340446,7.6843262,0
3,1,7.6278458,.48560348,63.198647,6.0531006,0
2,0,-3.3524418,-.29082635,46.267113,7.0155816,1
2,0,-3.0140564,-.22602281,65.986526,.27124023,0
4,1,-6.7739649,.67362154,63.106987,9.3884878,1
4,1,.70267612,.19236131,42.907166,3.6966553,0
1,1,5.6871018,-.33041885,51.169563,.73569602,1
3,0,-8.9073305,-.36709824,38.235657,6.8690186,0
1,1,5.702466,.60699952,49.760841,.1647259,1
1,0,-2.5880613,-.35157019,53.192646,9.0228004,1
4,0,-1.5620177,.2136067,46.67067,5.1732178,0
4,0,12.225694,-.50075299,51.697697,4.854248,0
4,0,1.9637339,-.075310729,48.632938,5.7890625,0
4,0,-11.098918,-.49029115,84.014709,1.1824758,1
1,1,-3.9288335,.35428837,50.930603,3.0833652,1
3,0,-3.6825149,-.30082193,59.127663,4.738625,1
4,1,-.91316718,.76514983,43.651642,2.0929782,1
2,0,1.8130563,-1.0850698,64.550827,2.2646484,0
4,0,-.66201127,.32049379,46.471901,2.4715321,1
4,1,-13.101661,.6529792,70.440414,.58787853,1
3,0,6.2427139,-.87382573,62.885292,2.6604004,0
4,0,-3.7026927,.0029585327,44.779942,11.548096,0
3,0,3.1977286,-.57302558,60.199787,1.5280762,0
4,0,-7.1013699,.30727839,61.531403,3.022913,1
2,0,-2.8944871,.0088751297,55.9104,4.0675049,0
3,1,-.9241327,.44293562,30.050543,1.7856445,0
3,0,-9.2118015,-.016542967,89.114571,6.4304113,1
4,0,7.6453037,.067460552,52.140987,8.9660454,1
2,0,-.93096983,.33210137,67.248245,.39306641,0
3,1,1.6209233,.66645634,49.73518,2.4997559,0
2,0,-1.9398462,.19712569,53.267586,.62695313,0
3,0,6.7250743,-.029541571,60.518166,3.4176025,0
1,0,6.1489453,-.50877929,49.556004,1.1348877,0
2,0,-.38688499,-.67684788,52.638737,6.3988199,1
1,0,.25664589,-.11653655,50.868942,2.7830811,0
3,0,-13.531365,.53783768,66.106522,1.5067139,0
3,1,5.5134678,.6794284,49.339897,2.3149414,0
4,1,3.9612329,.71897978,63.651592,.62036461,1
2,1,.88234586,.92197907,43.607555,5.7750473,1
3,1,4.690866,.57605952,44.282715,2.0245361,0
1,0,-6.2944026,.18069781,64.367455,1.8565674,0
1,0,-1.5801384,-.95209157,53.13261,.32348633,0
1,1,-5.9115448,.90417022,46.946438,1.2616626,1
2,0,5.3918138,-.39484736,37.862556,.90490723,0
3,0,-6.206389,.50187486,55.710304,3.8533936,0
3,0,2.0725374,.030855782,53.802517,2.5576043,1
1,0,-1.5388913,-.42843208,68.44503,2.5921631,0
4,0,-6.5371003,.34776956,56.843929,10.514526,0
4,0,1.5691974,-.49623996,69.640869,3.9685059,0
1,0,-3.649385,.18306378,50.875053,2.2792969,0
3,0,1.7622304,-1.0757641,59.073895,8.6003418,0
2,0,5.0693445,.07680589,44.983475,8.7597656,0
4,0,-.1370607,.19387572,39.659145,3.5291219,1
1,0,8.5461006,.060164489,53.315536,5.7628174,0
1,0,-3.503618,-.075879626,67.403114,10.932373,0
2,0,4.4763694,-.016522525,65.761597,1.6396854,1
3,0,.33137462,-.10344154,58.844532,1.4377441,0
3,0,-1.8215348,-.19255982,56.921925,6.2701416,0
3,1,4.7554531,.75697637,42.950005,1.2266846,0
4,0,-9.5282812,.32895473,47.821186,9.0919161,1
3,0,-5.5285311,-.34425023,61.826683,1.048584,0
2,0,1.4879212,-.93031019,68.608307,4.9009972,1
2,0,-.59247816,-.46327975,50.445843,7.1058369,1
1,0,9.7854319,-.29863492,46.381268,2.8474121,0
4,1,-2.020225,.0030248391,67.147499,1.6988525,0
2,0,-4.7528968,.048446186,54.297169,4.0047293,1
1,0,.12302242,-.27434683,38.82851,7.2860107,0
2,0,2.5019417,-.38544691,58.549828,6.125,0
1,0,-5.2202682,.28831086,82.376198,4.681128,1
1,1,5.5042496,.38837242,36.40934,6.8947678,1
2,0,4.9962964,-.11564506,41.254742,9.6917725,0
1,1,2.2284303,-.185946,63.169617,2.2384553,1
2,0,2.2149463,.33939052,63.019726,3.5705578,1
1,0,-.62675285,.37999412,58.998055,1.2104492,0
1,1,-11.349521,.33498967,48.456886,1.1092006,1
4,0,11.641359,.045764618,50.657787,2.3771973,0
4,1,-9.7131472,.81528586,40.013699,.63391113,0
2,0,-.18362252,.098666556,45.93047,6.6911125,1
4,1,-5.2901616,.58873063,56.442608,1.5614631,1
3,0,-8.8417225,-.18548363,68.151138,3.2411785,1
4,0,3.0424917,-.55319649,66.356476,2.7138016,1
3,0,-7.8335266,.5856064,51.445122,4.8836756,1
1,1,-.61133718,.035000995,51.511875,8.833828,1
4,1,1.7535263,.38967189,60.997421,1.8067822,1
1,0,-10.444317,.49424559,47.059086,1.2032471,0
4,0,-9.9073133,-.091114633,70.207748,6.7558594,0
4,0,7.255054,-.039446339,37.177147,2.961792,0
3,0,-3.8008447,-.27751762,51.116169,.58618164,0
1,0,-9.795269,-.17228666,41.861111,3.4994156,1
2,1,-7.7914205,.92990601,49.422192,2.7839475,1
1,0,-4.0552993,-.13031536,43.437675,5.0081787,0
4,0,1.5060824,-.41884825,57.726959,.1418457,0
2,0,1.0149897,.082973063,50.713402,8.5141602,0
2,0,-4.1545253,-.37614968,75.142761,5.0560651,1
4,0,17.73848,-.54717886,52.230434,4.0756836,0
1,0,-2.0749185,-.45917279,52.737595,11.308594,0
4,0,-14.558196,-.67270589,79.033615,.82671094,1
2,0,-.39440587,.0024221262,43.238865,7.8740234,0
4,0,-13.606426,.076441981,53.05946,.83901471,1
1,0,.59204894,.83805591,42.705353,2.1462402,0
4,0,2.7151489,-.57335603,73.570274,5.6286941,1
3,0,5.942286,-.58390701,53.202587,6.7725744,1
2,0,.47560185,.039093595,49.433655,3.9487305,0
4,0,-6.4344153,.14055918,53.695313,.2668457,0
2,0,5.4424052,.085216396,58.821239,2.0910585,1
1,0,2.3299055,.16955379,60.792599,4.6368275,1
4,0,.83844644,.3184368,39.338963,8.46875,0
4,0,1.0929018,.033086449,57.009216,4.0310345,1
3,0,-10.621677,-.3048934,54.205956,1.0519801,1
4,0,-.33765063,-.43516296,67.745827,7.8077393,0
4,0,14.858555,-.34256771,39.568016,2.559056,1
2,0,-4.898437,.4455635,61.16127,5.2686768,0
2,0,6.7771111,.137089,49.579144,2.4022217,0
1,0,-11.568836,-.48062122,86.029236,2.1074445,1
2,0,-9.7687025,.55694693,43.283432,1.1915977,1
1,0,4.267663,.28222573,47.153988,3.0143366,1
1,0,3.3804939,-.69758606,48.166084,2.2562256,0
2,1,3.6095893,.6345365,37.730659,10.363399,1
3,0,-3.6702259,-.15084358,66.329796,8.729248,0
2,0,-.079648226,.05444935,63.069553,10.155884,0
4,0,-10.608041,.70335931,62.121578,1.8163228,1
4,0,4.7703681,-.14146262,42.339436,1.9904785,0
1,0,3.5673809,-.54341578,40.557438,5.2060547,0
2,0,3.9983034,-.026361682,51.35807,5.8448486,0
4,0,9.0374718,-.54959214,54.19989,1.0935059,0
2,1,-2.4688318,.77317148,65.495972,.98489684,1
1,0,6.1315255,-.014344354,55.214947,2.3071513,1
4,0,3.3541369,-.37542149,44.986397,7.4279861,1
2,0,-3.6126912,.046405084,56.99955,8.9888916,0
1,1,3.7305036,-.20204008,58.714565,.47849199,1
4,0,-3.6158328,.85660249,46.636402,10.57963,1
1,0,4.0465903,.040605988,44.953182,11.202393,0
2,0,3.8703165,-.56351763,67.66613,2.0535889,0
2,1,6.4462795,.7548508,42.772388,4.680491,1
3,0,1.2468946,.074716151,61.938042,3.3769531,0
4,0,-8.4873781,-.028014779,71.429047,.081994385,1
2,0,5.3606405,-.010225303,43.526199,.75926858,1
4,0,-2.4848986,.50410622,39.543087,.58691406,0
4,0,-.61682153,.1480709,60.925636,3.5053165,1
3,0,-2.8807745,.98688298,47.511749,6.888916,0
2,0,.95505643,-.30041909,58.124752,10.560669,0
1,0,1.1123472,.13103209,45.906925,8.0744629,0
1,0,.9850257,.34128466,44.302326,3.3496339,1
2,0,1.5349483,-.45726782,56.231808,5.1595135,1
4,0,-.5202322,-.38141915,88.33387,6.5091667,1
3,1,-1.6065398,.30337572,57.605919,.18960829,1
2,0,-.60324454,-.58717763,48.77401,11.468872,0
3,0,-1.3485445,-.049586654,49.185429,2.2130115,1
2,0,1.2243171,.88647109,45.321777,8.4460449,0
4,0,-8.9703445,.75629431,54.444942,2.8104577,1
4,0,-1.4836438,-.28222597,56.034691,2.4985352,0
4,0,-4.4790487,.43326029,26.19639,7.9473877,0
1,0,-3.0557146,.39003721,46.752308,5.5413818,0
1,0,-3.1071575,-.55573195,65.252609,1.4501421,1
4,0,1.6147524,.094685659,55.042763,.24031205,1
4,1,-3.992135,1.1251655,50.976864,11.18689,0
1,0,-10.733238,.41689441,57.32774,2.5330656,1
2,0,.86121798,.22920921,53.93047,5.0708008,0
3,0,-8.4629679,-.82273805,76.739601,1.3999683,1
4,0,-1.5418034,-.61021584,62.687485,1.1611328,0
4,1,3.2113514,.52162308,57.092892,2.431071,1
3,0,8.9538651,-.21595936,63.678802,3.6781006,0
1,1,2.8907793,.29404292,38.679127,1.1704102,0
4,0,-6.9979854,.13537711,61.825794,.25024414,0
1,0,.75000107,-.072528012,50.574242,4.9863372,1
2,1,-13.842466,1.1823739,44.138939,3.3255067,1
3,1,3.9155624,1.0716935,37.305515,7.2056847,1
4,0,1.7705277,-.78197825,54.497505,4.1345692,1
4,0,-15.718096,-.023503739,58.944565,4.296494,1
1,0,-3.3519464,-.77856797,53.278545,2.2654576,1
2,0,2.697644,-.12853484,42.411518,8.6732178,0
1,0,8.9360046,-.38971826,36.783634,4.2200928,0
2,0,.37151527,-.25267178,66.143318,10.178345,0
1,1,-1.3846458,.72642088,45.788532,5.5506072,1
3,0,-.80679548,.75267178,50.777908,2.9551368,1
3,0,-3.8900363,.57607543,66.366989,3.509701,1
2,0,-3.4500902,.36122814,56.958229,3.5835352,1
3,0,-4.9063888,-.041308567,44.039383,8.932251,0
3,0,-.87565845,-.00089843111,54.935532,7.7437744,0
4,0,-4.403286,-.79995769,61.35384,3.6489258,0
3,0,-10.126933,-.051485676,61.727703,4.4094238,0
3,0,2.8531106,.26135731,62.958801,5.5186357,1
2,0,-8.4109354,-.28682145,62.585442,2.0725098,0
4,0,-11.045487,.20913722,63.979256,5.3558674,1
2,0,6.7210307,-.41132951,54.135574,5.6085668,1
2,1,9.7336559,.74298501,47.403114,5.3983312,1
2,0,9.13692,-.34010133,38.366276,4.626709,0
2,1,-7.9831319,-.089678213,43.724361,1.1391265,1
1,0,-7.5791717,-.4047457,71.183067,2.3419802,1
2,0,5.0271239,-.57897013,56.486423,4.6032715,0
3,0,8.1382599,-.10166515,71.22094,4.5395508,0
4,1,.95796657,.68750459,42.850372,3.0241814,1
3,0,5.4847474,.040420201,41.854156,5.1121826,0
4,0,-2.5052745,.042872444,57.389462,3.5388622,1
1,0,6.6970358,.072067514,50.196411,10.041382,0
4,0,12.873281,.6419071,53.358593,8.1231356,1
2,0,3.384851,-.74580199,53.520535,1.9736348,1
4,0,6.9273438,.081068583,46.238392,.058349609,0
2,0,11.960931,-.23020987,32.204369,11.253906,0
4,0,-2.8385935,-.12418999,42.294075,4.6746826,0
1,0,-3.707351,.8725099,48.674541,3.229248,0
4,0,7.8126516,.23100494,52.058403,1.6704998,1
3,1,-8.3114424,.34384766,76.345299,4.4627709,1
4,0,6.425004,.22214715,45.402817,6.8874512,0
4,0,20.037189,-.58436245,43.521442,9.9077148,0
4,1,7.0456276,.4519169,49.520432,5.5554199,0
2,0,-9.9455881,.43568006,52.863926,2.6154227,1
3,1,.035715807,.67436701,65.676804,2.908725,1
2,0,5.0555687,.12409034,55.816738,7.2290573,1
2,0,-2.7925949,.48889929,62.506474,6.6459961,0
2,0,-12.381696,-.096177153,72.472404,3.4597726,1
1,0,8.7636375,-.51784295,67.500641,3.5613241,1
3,0,-6.0048141,.10130568,72.945465,10.354004,0
2,0,-4.3106194,.24356057,38.189339,1.345926,1
3,0,.15828516,.084821887,52.428185,2.6610107,0
4,0,-12.935306,.21294263,52.85268,1.026547,1
1,0,.75538236,.28524983,49.155621,6.4581299,0
3,0,-.12913167,-.15249164,45.870018,8.8908691,0
3,0,7.5392532,.13655071,47.226196,2.403789,1
2,0,2.1393344,.17836986,46.367142,6.4723363,1
4,0,6.8469071,-.64777505,54.691616,5.6197882,1
2,0,-3.0926411,-.27363807,70.196846,1.3820258,1
2,0,3.9005733,-.36970496,73.870583,1.9472656,0
4,1,-2.689827,.64175028,49.863899,2.1538897,1
1,0,-2.6163795,-.19540697,62.447781,4.6232328,1
3,0,4.2824769,.38462448,47.77747,4.3632813,0
2,0,4.8308449,.1327069,55.962673,8.6141357,0
3,0,-3.683229,-.53686607,73.804779,3.5657089,1
1,0,-4.8460035,-.31146181,46.970886,3.1318359,0
2,0,-4.5473857,.33228317,40.427353,2.7507317,1
2,0,-7.4358625,-.21729542,49.834759,4.5667253,1
3,0,.055139422,-.0542222,56.908257,4.7418213,0
1,0,-8.9406309,-.0083124908,48.852798,1.0518408,1
3,1,6.0545082,.48292947,36.645493,7.710197,1
4,0,-15.008124,.32620934,57.828415,1.0283806,1
3,0,-.2318591,.033082411,39.363838,8.894043,0
3,1,-5.2551422,.27653548,54.4025,.035888672,0
4,1,-3.1774535,.27577356,66.990036,5.213768,1
1,0,8.2834225,-.42565954,56.625507,3.3354492,0
2,0,-5.9066081,-.53433764,69.608406,4.062088,1
4,0,2.6656296,.044827174,39.647987,2.5765381,0
1,1,.77871025,.58090341,36.000576,.62268066,0
4,0,7.25669,-.35085139,45.577927,7.4598389,0
4,1,-.52777892,.14400539,54.115688,2.760376,0
3,0,-2.4188433,.031363681,50.030464,9.8081055,0
1,0,4.0378237,-.15896964,58.406601,1.5234468,1
2,0,6.8109183,.44579521,52.64484,6.936028,1
2,0,-.44628331,-.30656838,47.411182,6.9013186,1
4,1,-10.31905,.84640932,44.721592,4.2962837,1
3,0,5.6220112,-.59783053,54.065399,1.1103897,1
4,0,-2.7832158,-.26305702,67.368507,2.4300537,0
4,0,-7.6559577,-.44766507,57.644577,3.0426521,1
4,1,-1.3980722,.30087599,43.74128,1.8007009,1
2,0,1.2527579,-.34082976,47.717964,2.2307129,0
1,0,3.1437352,-.30602971,65.744026,2.3911133,0
4,0,-.83818746,-.3239266,54.973705,2.7233353,1
3,0,-8.8720217,.090034865,58.304111,6.4542255,1
1,0,-1.4064405,.30343536,56.889301,1.7836914,0
1,0,3.1861737,-.25312206,58.040451,6.8728027,0
1,1,-2.8267169,1.1970012,34.554836,10.075893,1
1,0,-1.9473507,-.19995907,53.855347,3.1237793,0
4,0,-3.6290989,-.2848776,72.21183,6.6317892,1
1,0,.45411596,.46221131,83.373634,2.3031006,0
2,0,5.3998213,.47859859,62.01223,4.5520391,1
3,0,-12.093577,.14386185,49.509258,1.6129291,1
2,0,-18.571234,.62193906,67.649345,3.9898868,1
2,0,2.1860156,.13035071,51.552139,.73059082,0
1,0,-8.8998804,-.091476545,55.37896,.55981356,1
1,1,7.3042817,.57217592,58.932365,.4950186,1
1,0,1.4802017,-.51927924,48.248623,6.2679486,1
4,1,2.8034959,-.032084003,59.174782,2.7376709,0
1,0,-6.6688256,.23692799,48.307209,.83792865,1
1,0,-13.017096,-.19091642,54.508343,1.6662598,0
3,0,-15.621099,.55168718,81.214767,4.1984448,1
3,0,-4.2179618,.26860058,39.378098,1.2737153,1
4,0,3.2931662,.19269213,46.036526,.32525712,1
1,0,-3.8602326,.079736419,73.375542,.12533672,1
4,1,-2.2572088,.38474622,62.242962,3.3019989,1
1,0,6.2692771,.10321588,63.334995,1.3927752,1
1,0,7.9760847,-.45495829,29.064886,3.9209085,1
4,1,-5.0146842,.63132846,41.042747,2.9690993,1
3,0,-9.4611988,.12093112,53.875359,5.4639659,1
4,0,-.96808279,.40249711,49.10725,7.5054593,1
1,0,6.8232918,-.23156075,55.30109,.62927246,0
4,0,-5.190824,-.2665357,48.014839,5.0645752,0
3,0,-5.007092,.26416418,45.946476,7.5936279,0
2,0,6.678308,.5718233,30.956255,3.4026835,1
2,0,-4.9211831,-.35073191,68.177544,2.2740841,1
3,1,1.9568678,.93328601,45.685677,.9753418,0
3,0,-3.8684027,.048712648,57.600941,3.79352,1
2,0,-2.7852924,.57669115,60.032536,3.1962891,0
3,0,13.0806,-.39013284,38.880898,6.7695313,0
3,0,1.0113854,-.59809828,57.94239,1.3702551,1
4,1,11.570429,.51533842,38.890915,4.7934785,1
1,0,1.0658792,-.6363638,37.383701,.42529297,0
1,0,-.18329187,-.20940688,45.223888,4.6843333,1
1,0,-7.3392401,.15393262,58.800762,3.453125,0
4,0,-6.4056392,-.12357333,60.938034,4.3830371,1
2,0,5.6176653,-.12817533,78.90329,10.025846,1
3,1,-7.7278891,.55622482,55.359261,2.373631,1
3,0,3.1372225,.0713652,65.683823,7.1274414,0
3,0,-6.4298992,-1.2582495,61.270336,7.3175049,0
4,1,-10.656317,.22177324,60.918598,7.112484,1
2,0,-1.8730447,.25944448,56.886944,2.0124512,0
3,0,3.1197917,-.63414401,52.689907,10.069824,0
3,0,-2.7080395,-.08597213,53.251514,3.5278335,1
4,1,-3.8898313,.64384955,64.418602,4.6732492,1
3,0,3.1053741,-.22331278,40.968021,4.7935791,0
4,0,-9.5802603,.17522937,45.094131,4.7787519,1
1,1,5.1602101,.57683426,60.370518,3.4937613,1
4,0,7.0319257,.054818157,68.835533,.26196289,0
1,0,1.0160233,-.17056592,62.314194,3.0979726,1
4,0,-3.6028855,-.16201134,63.4949,8.3184814,0
3,0,-9.4065704,.30971628,58.75037,.49295741,1
2,1,-4.215878,.46503368,49.210705,2.2160237,1
3,1,.58133614,.32392916,58.033047,8.4094238,0
1,0,-.29722679,1.0336437,41.918694,8.5290527,0
2,0,5.2798333,.041457992,43.813496,1.0157471,0
1,1,-1.8269176,.35179901,58.780704,1.3513715,1
2,1,4.6255779,1.1614804,48.362808,4.8996701,1
1,0,14.217015,-.48374978,54.029804,6.351995,1
1,1,1.086517,.44177592,47.31403,7.0101318,0
1,1,9.4597454,-.10528763,29.188881,4.664917,0
3,0,6.0937166,-.37004483,39.565582,6.2976074,0
3,0,-.81833178,.0020931156,61.996319,4.4045062,1
3,0,-2.3767982,-.51236892,57.518131,6.0064735,1
1,1,-6.2771788,.79277402,49.697891,6.4753418,0
4,0,-2.1784415,.24973601,39.232544,2.8442314,1
3,0,-9.3532753,-.041309796,66.340996,7.7541504,0
4,0,-.13683029,-.32676023,55.785587,4.7198486,0
4,0,1.1278439,.57980764,37.648876,5.4739141,1
2,0,12.868335,.14321791,45.491463,3.2750244,0
2,1,-1.133636,.21595618,59.034046,7.168457,0
2,0,2.0018506,-.059885569,67.210098,8.5705566,0
2,0,9.7839804,-.6576966,64.887131,4.6152344,0
1,0,-.087487586,-.57173342,55.692165,2.3061523,0
4,0,-.55378532,-.10050017,47.856171,1.7823486,0
4,0,-11.636711,-.10149429,71.247574,5.9165039,0
3,0,4.8949513,-.064236887,58.670425,2.1815186,0
1,0,1.3794655,.40034667,58.587296,1.8642578,0
3,0,-.63327712,.69938856,41.220436,1.8638039,1
4,0,5.7934937,.50727212,55.536884,5.3616462,1
2,0,-5.2400856,-.0017548527,57.210598,.42089844,0
3,1,-3.3525541,.23761658,50.75359,.33166504,0
1,0,-3.5539825,-.015644455,57.854851,.43505859,0
3,0,-4.7191043,.27827218,44.671761,10.666851,1
2,0,3.5233307,-.16596805,56.119961,.95800781,0
3,1,-10.030025,.76338607,56.452297,1.5948486,0
3,1,3.8036857,.7007798,41.824146,2.1258545,0
2,0,-10.892341,.23992677,74.525703,1.4320068,0
2,0,3.3343956,-.2398603,35.759472,5.0213623,0
3,1,-.46928123,.052380815,61.255089,4.1627393,1
4,0,2.4089973,-.43314445,57.623196,3.1141591,1
2,0,-10.888867,.37180114,42.524372,5.147583,0
3,0,-7.3952832,.10711728,56.712772,4.7064905,1
1,0,-4.9471045,.063761465,48.689983,.71972656,0
4,0,2.687613,-.42499802,46.137566,3.8262939,0
1,1,1.0273504,.17080271,40.627903,2.9482479,1
1,0,-9.64464,-.20493211,62.350086,5.746582,0
2,0,2.462945,-.1835895,52.884754,6.3234863,0
3,0,.71063018,.23594125,59.101379,3.3543701,0
3,0,-3.3075173,.35275838,53.410538,2.7166343,1
3,0,3.9557967,-.048581298,51.929707,4.473877,0
2,0,-9.8640127,.74040556,40.632698,2.5483398,0
4,0,-.76616544,.31871271,58.768631,.38745117,0
3,0,.21347272,-.63587379,60.549568,.54168457,1
3,0,-14.138634,.2513102,50.904991,11.158936,0
1,0,.054437034,-.31202829,42.352882,.31713867,0
2,0,4.6736751,.218391,44.767818,3.1915872,1
2,0,2.3339221,-.66750741,47.901466,1.2215203,1
2,0,-2.1645446,-.47491825,71.476646,6.0059876,1
4,0,1.0065262,-.088891588,50.81263,7.7434082,0
4,0,-.41992491,.31629768,48.790554,2.4741211,0
1,0,5.6507316,-.29395911,36.012321,7.5482178,0
3,0,-14.523774,.66278678,59.433197,2.5231934,0
2,0,5.0631294,-.093607843,47.277359,.67773438,0
4,0,-8.2903576,-.29840574,68.270126,2.5705566,0
2,0,7.044394,.28700921,47.122864,9.1713867,0
3,0,-4.6255813,-.14939134,40.976448,.29663086,0
2,0,5.0469556,-.25002307,39.585861,1.3922188,1
1,0,-5.877439,-.41835788,59.739632,2.6553955,0
3,0,-3.1638961,.21359624,51.294624,8.4591064,0
1,0,8.033968,.12174769,38.368107,5.2913818,0
1,0,1.2202324,-.15158547,55.038422,8.4446173,1
4,0,.05736357,-.21448986,50.623203,4.0706787,0
2,1,-4.9563222,.07712134,75.174828,1.0719048,1
1,1,.58773726,.23016222,54.920418,7.2135663,1
3,0,-1.7267928,.071793787,61.196419,3.1908178,1
3,0,.32414097,.14763248,39.141823,2.0196533,0
3,0,-4.2663159,.140637,64.532303,8.7449951,0
1,1,5.6857162,.15242773,37.261642,1.6177979,0
1,0,9.6782503,-.61289012,52.436256,4.0975342,0
1,0,-1.432104,-.47615582,61.319126,.59375,0
1,0,-7.3193521,-.34005937,59.391724,.61413574,0
2,0,.58826554,-.21451989,39.157391,1.6854248,0
1,0,-4.4933834,-.55173814,72.869209,2.0543158,1
3,1,-.39009607,.31601441,55.636143,8.5175781,0
4,0,-10.507905,-.85481292,85.961617,.75717932,1
2,0,6.2529063,.10123179,42.567097,2.6878028,1
1,0,-5.4077296,-.50412637,70.903519,5.4555664,0
4,1,8.0853443,.31328088,67.5923,2.4767928,1
1,0,-11.616715,-.26974073,60.55965,2.1851699,1
1,1,-1.6738964,.2983481,44.935741,5.9481201,0
4,0,1.6226758,-.50138855,60.175747,4.0048862,1
2,1,.20602897,.29319772,33.880627,1.5494111,1
2,0,3.6196914,-.45757958,47.35495,8.3479004,0
4,0,-8.2897167,-.096971482,63.13372,4.6923547,1
1,0,3.2433884,-.62931299,47.182713,.55725545,1
2,1,-8.2181768,.24302086,56.596256,2.9257813,0
2,0,3.2331018,.028319895,63.267979,3.2302718,1
1,0,3.4713058,-.64307123,79.120659,5.9002361,1
3,0,-3.8625998,.15706864,45.625,5.7784424,0
3,0,-.49174085,-.76465583,67.736259,.45251465,0
2,0,.96406579,.50095803,47.155155,.70495605,0
4,0,1.5385115,.13020934,55.056965,10.246948,0
4,0,1.6566311,-.24460979,61.225258,.15551758,0
4,0,-5.9383159,.60138893,66.659645,2.7296159,1
3,0,3.0676792,-.19269888,45.603249,2.1248395,1
4,1,2.87094,.1739938,39.180088,8.3216553,0
2,1,-8.3114614,.10940684,66.268456,8.7045069,1
1,1,-3.854342,-.17163599,74.533997,2.056396,1
4,0,4.1165199,.23244102,41.453785,9.5870895,1
1,0,-8.5957298,.29163459,66.021805,1.1027832,0
1,1,-1.7119071,.61232203,47.644073,2.2698379,1
1,0,-3.033669,.82412547,69.568764,.34082031,0
1,1,-3.7615025,.027396154,69.723358,1.7256268,1
1,0,2.332056,-.53767157,76.020668,1.343827,1
3,1,.35773155,.0088716624,48.461098,8.6716309,0
2,0,2.4690042,.031942282,34.601418,1.4521027,1
1,0,-6.4399691,.12405802,66.665939,2.7272325,1
1,0,-8.2305994,-.26004481,58.343536,8.7994843,1
4,0,-2.8363249,.80553502,64.780365,2.8355713,0
3,0,1.5333366,.43861368,46.076897,6.6774902,0
3,1,12.400358,.04536907,62.562283,.39538574,0
1,0,2.3747315,-.37095952,46.011108,1.8392334,0
1,0,5.4165792,-.20256595,48.933376,4.7320557,0
4,0,-.49486253,-.73551726,65.096001,3.4936523,0
3,0,-8.8564129,-.29750642,70.583771,1.6939505,1
1,0,5.5917711,.15159893,50.067097,.66650391,0
2,0,-8.417676,-.2644076,79.294693,1.0514337,1
3,0,4.3002248,-.34857708,53.841919,10.623483,1
2,0,-3.0035038,-.69193512,60.57085,.96618652,0
4,0,7.2739582,-.22465332,39.715969,2.9482422,0
2,0,4.0852685,-.13495228,39.945381,10.263794,0
2,0,-2.1039221,.2486735,68.212433,5.4613528,1
2,0,-1.174013,.0077430918,55.793434,11.134644,0
4,0,2.1023006,-.50346583,49.413864,5.0655518,0
3,0,4.6537437,-.029127259,54.614746,.86999512,0
2,0,11.059771,-.44522119,47.522762,4.6662598,0
1,0,-3.4681969,.30008453,51.88979,5.5608282,1
4,1,-.86269522,.52676505,49.85675,7.8608775,1
3,0,-3.2769911,-.039586976,76.015991,2.5618918,1
4,0,5.8042097,.20241928,40.764553,6.2617188,0
4,0,-2.3267469,.22512963,57.027859,6.8856201,0
4,1,4.286212,.34867787,31.753531,10.803833,0
2,1,-1.4754608,.19835004,45.123463,4.1812644,1
4,0,-1.1067815,-.25758418,62.673309,.60583496,0
1,0,4.446063,-.036673564,41.174797,.27319336,0
1,0,-5.8052716,.0008055385,78.80323,2.4501989,1
4,0,3.9614251,-.37049973,49.629616,1.1986326,1
4,0,8.9218349,.1489237,54.558018,9.5836182,0
2,0,4.6381974,-.080701329,58.761078,5.8706055,0
2,1,-1.6055315,.54752064,30.884924,1.1648062,1
2,1,3.75246,.16987723,42.721947,3.1670616,1
1,0,11.353833,-.5916819,62.076252,4.7915039,0
3,0,-2.8207054,.2227658,62.256809,11.532471,0
3,0,-4.3410339,.11628295,45.592472,1.3320313,0
1,0,4.2137065,-.73228019,42.91732,1.0598502,1
3,1,4.451148,.85010129,40.351074,2.3447266,0
3,0,4.1542854,-.5983507,56.029137,2.8334961,0
3,0,4.0762815,-.23159099,58.143112,1.8009033,0
2,0,-1.1292067,.51608592,50.964527,3.6280518,0
3,0,5.3759537,.42901859,69.092178,5.2595215,0
1,0,6.5016279,-.4989551,41.190456,3.5970459,0
3,0,.90675128,-.29556051,49.545494,10.335815,0
3,0,-9.1142035,.4791874,53.203308,6.9209027,1
3,0,-4.0869594,.52560151,38.596428,6.1412606,1
1,1,-1.7639524,-.086789623,72.698822,3.0921438,1
2,1,11.046914,.43251896,42.850456,6.6210938,0
2,0,.53572279,.12555777,63.235584,2.6777344,0
3,0,-1.5644363,.13007994,48.5644,3.6998003,1
2,0,-1.5046673,-.20329794,53.021461,4.1710238,1
2,0,11.804345,-.3435761,46.374714,1.0195788,1
4,1,-2.4966288,.33690584,62.174984,2.1949258,1
1,0,10.798867,-.26731136,45.517872,4.3920898,0
3,1,.51369089,.61998922,47.41544,3.1830692,1
4,0,5.979847,.074312761,36.639584,4.972168,0
2,0,1.3140782,-.19388387,60.774021,4.3780036,1
1,0,.17742944,.34124467,58.237904,1.2851563,0
3,0,.7208584,.39620668,51.911552,2.4934082,0
2,1,-5.0520673,.41889447,29.485861,6.0091553,0
4,0,.8871007,-.13425,51.461464,7.93396,0
4,0,-2.7340858,.10965607,44.477184,2.9073486,0
1,1,3.4299748,-.15517238,75.233154,.16376537,1
3,0,-.40958595,.44350573,30.932495,11.848755,0
3,1,5.6645212,.58075368,57.147835,.21417351,1
3,1,7.8780904,.42181942,48.93787,6.6555223,1
2,0,1.6695578,-.005983212,58.234131,1.1899414,0
2,0,-6.4703279,.1422606,55.477951,1.4103651,1
3,0,2.1386666,.29284567,51.329269,1.8664614,1
1,1,6.4638405,-.19200408,46.235359,3.6855469,0
4,0,-4.2953734,-.30947617,77.219154,3.147361,1
3,0,.94320214,-.0024839812,71.071472,.63856345,1
1,0,7.3592167,-.55655044,63.907314,4.5167646,1
3,0,-10.146665,-.73923087,68.761902,4.3506827,1
4,0,-.56940681,-.5155111,57.323837,1.922441,1
4,1,-5.6868892,.46317425,53.102291,2.2427979,0
2,0,4.4101009,-.6922397,57.243641,.97910208,1
3,1,-7.3715014,.25189745,69.315292,2.5462759,1
2,0,-4.7791066,.33003506,59.653748,1.397583,0
2,1,14.351695,.21344225,47.818897,5.53125,0
2,0,-.90947157,-.20141418,47.216076,3.1550293,0
2,1,-5.892581,.59692508,58.851284,.41952246,1
4,0,3.6325185,-.019279299,63.193127,.59975094,1
2,0,-4.9080992,.32194155,65.221291,.41967773,0
3,0,7.6351743,-.44490272,59.297199,3.2996826,0
1,0,-.58160394,-.49754214,53.273479,.79248047,0
4,0,-2.8007646,-.14467688,68.924545,5.9908662,1
2,0,-1.6649002,-.28348416,77.067551,4.2419181,1
3,0,4.9559183,-.31336194,57.122715,1.756539,1
3,0,2.2055461,-.52731287,49.943241,2.6818848,0
1,0,-3.2656119,-.8404519,68.251373,6.5459471,1
4,1,-4.6180024,.62321037,59.385784,2.8759766,0
3,1,-6.2541714,.66798693,61.955685,4.6664705,1
3,1,7.3574014,.79940242,30.266195,9.8740234,0
2,0,-.94099283,.21763614,29.98912,4.6346302,1
3,0,6.68822,.48275584,24.591137,3.0761719,0
4,0,7.5105643,-.86433518,43.997803,9.4071045,0
4,0,3.1349702,-.34690204,64.613907,9.2807617,0
4,0,1.6539407,.18526191,51.588085,2.2966309,0
1,0,-11.038008,-.38724196,39.552162,8.6013041,1
3,1,-4.2844667,.51623076,55.13604,1.2465432,1
1,0,-5.2282877,.20025948,56.111408,4.4239502,0
2,0,-8.6880693,.053128727,38.659821,.48583984,0
1,0,-3.2940941,-.86172849,57.79776,1.7086182,0
4,0,8.4601927,-.039378781,68.40815,4.6123252,1
4,0,-8.110054,.55005789,63.057671,2.0262356,1
1,0,2.8708992,-.37990087,56.288994,2.5831299,0
4,0,8.3600168,-.6952433,50.152935,3.5064697,0
1,0,-2.2383754,-.60498768,80.326797,2.5415039,0
2,1,-3.9343512,1.0137204,42.78706,3.3947265,1
4,0,2.0996492,.1703338,50.669147,9.6840563,1
1,0,-.96284169,-.065167472,59.077595,3.7830811,0
3,0,-3.4211602,.23924507,53.300449,3.004962,1
3,0,8.0963631,-.51046383,53.14254,6.4876924,1
4,0,6.3182497,-.88426387,70.793556,2.989502,0
3,0,7.612597,-.002356098,49.367275,2.1091309,0
1,0,2.6969433,-.80476558,48.813187,.33532715,0
3,0,1.6406181,.3434121,53.243156,.28991699,0
1,0,-4.9755731,-.26840886,58.521301,.2770524,1
2,0,1.713793,.13549957,43.960724,4.3383274,1
3,0,1.921378,-.40137476,42.108326,4.6463623,0
2,1,2.8674192,.2856265,35.828026,2.4799805,0
4,0,-.27657351,-.24206175,51.984138,3.313833,1
2,0,.95097166,-.053013194,36.990547,1.1902226,1
2,0,-18.509317,.37410817,71.543076,.24714558,1
