cnom,cbin,ccon,xcon,ucon2,ucon1,ycon
2,0,3.4881208,17.086493,96.503517,56.399109,20.772099
1,0,3.0327721,17.261602,88.826332,71.065392,20.925022
1,0,4.1350846,18.254173,87.737038,78.449715,30.860361
0,1,2.3059411,15.298593,77.522278,39.738857,16.299307
1,0,3.5279136,18.466122,78.055313,70.109581,24.77903
1,1,4.0264096,17.879814,91.584114,79.949997,26.484329
1,1,3.4639471,23.868782,79.163383,96.536911,19.308363
0,0,2.5885024,21.081877,102.21111,61.765865,27.168097
1,0,3.6568763,19.429842,60.634819,80.982033,15.250268
1,0,3.3663535,16.554079,90.292267,66.234573,14.432481
1,0,3.8694842,21.228838,106.5917,85.775154,28.053434
1,0,3.5227079,20.017153,79.690231,67.4673,19.589769
1,1,3.4508235,19.985453,78.539452,59.424606,24.969934
1,1,4.0055327,22.042145,70.655235,53.126598,23.946392
1,0,3.4267957,20.103195,79.818993,51.011135,25.710659
1,0,3.424263,20.176186,73.091438,70.513794,31.698772
1,1,3.6475558,17.288609,79.42392,70.564423,30.792658
1,0,3.5127373,18.294008,88.65712,63.488174,23.832544
1,1,3.0649915,19.483292,95.563919,81.683624,33.413078
2,1,3.2947884,21.882986,83.273956,73.619095,21.832359
1,0,3.8755202,20.365339,85.76046,67.291611,19.863565
1,1,2.7681065,19.350986,80.63884,63.042713,7.4863353
1,1,2.8934062,16.974552,74.342743,56.850628,22.146252
1,1,3.021735,16.394867,91.299934,59.611679,21.300859
1,1,3.7460694,21.00362,89.550804,78.88517,27.813713
2,1,3.6644537,17.776077,79.238464,74.352562,21.081676
2,1,3.3550086,18.304157,77.479042,84.781395,28.605055
1,0,3.7744074,20.736975,83.567596,100.75655,28.222374
2,0,3.4745023,20.204226,77.449471,61.071724,21.224163
1,1,2.4970703,15.808317,77.920578,54.950573,20.672249
1,0,3.7880573,21.150259,69.427559,84.459595,24.196957
1,1,3.8485777,20.447002,72.884239,65.511536,18.873535
1,0,3.1310248,14.347604,78.213539,55.401497,25.016232
1,0,2.9929574,18.611198,78.779915,67.178375,25.557676
1,0,4.1805015,22.512144,91.231857,64.712822,28.02417
1,1,3.1722879,18.346821,93.898491,75.661888,24.849508
1,1,3.2732608,19.762348,84.791122,65.514008,21.918831
1,0,3.3041186,16.083956,65.228287,78.112381,19.547493
1,1,3.521925,22.162424,77.887962,73.056,16.758814
1,0,3.4100199,17.912437,84.672607,72.018379,29.300072
1,0,2.5681777,16.329271,58.657005,67.005714,27.704782
1,0,3.9159942,20.597809,85.964851,85.018654,18.25102
1,0,3.437794,19.695272,74.594383,75.306625,24.746895
1,1,3.4799597,21.194324,93.913063,64.912056,22.099707
1,1,3.4982116,16.297684,77.17588,69.357735,25.68162
2,1,3.3600597,19.282064,64.837006,69.311096,17.363096
1,0,3.755003,16.497019,63.456299,84.345627,25.353161
1,1,3.0888946,16.061377,73.418083,86.812874,20.144798
1,1,3.3150625,18.397501,88.73037,70.619133,27.72415
0,0,2.9149656,20.053082,93.723625,74.636383,21.681988
2,0,3.3610697,20.65715,69.451698,65.771729,15.596103
2,0,3.8595152,20.305443,84.670715,72.853767,24.145874
0,1,2.0423067,15.041986,86.644012,73.44828,25.600622
2,0,3.6520805,17.990309,85.606758,72.246208,22.433422
1,0,3.6703963,18.577068,90.948662,82.792511,20.192066
0,1,3.2675326,17.883255,81.573326,87.425064,29.391663
1,1,3.4957201,22.605217,79.867332,68.925209,11.111176
1,0,2.8808064,20.447021,79.233383,77.537079,25.022352
2,0,3.7159922,15.791615,83.876022,51.091316,10.726012
2,1,2.8128295,13.883943,75.655861,58.033501,28.642065
2,0,2.9792547,18.589922,84.152901,41.262577,20.552946
2,1,3.1935692,19.41197,79.789169,76.681313,26.800816
1,0,2.7630048,20.789591,97.693016,64.510117,24.193932
0,1,3.4285791,21.220331,94.44986,68.466866,25.780975
1,0,3.5038943,19.932495,81.443176,72.463608,20.070059
1,0,3.8391819,15.400738,59.499126,58.908264,31.719862
0,1,3.0989056,23.591913,99.165298,66.960632,25.690813
1,0,2.5962586,18.347214,80.45961,77.849823,29.320328
0,0,2.9715526,23.75054,88.735023,58.739609,20.517015
1,0,3.3400862,15.927271,71.177048,67.889015,24.095444
1,0,3.3676641,18.825964,79.57473,50.463207,21.131493
1,0,3.262481,20.53441,85.437241,52.304699,16.657454
0,1,3.2518265,15.461295,79.290924,63.418701,20.786715
1,0,2.578131,18.864799,91.688766,58.782562,20.782721
1,1,2.8809106,19.711813,94.702003,72.019394,25.688749
1,1,3.2208576,21.186455,94.873886,63.587215,20.835711
1,0,3.6581237,17.070971,96.738647,47.466393,21.701094
2,1,4.2638335,21.468182,101.92232,81.541504,26.984566
1,1,3.5106952,22.813021,81.969208,71.881927,28.572557
1,0,3.767447,19.135231,71.355591,66.824715,18.528032
1,1,3.1076646,19.947317,84.540314,62.145142,21.878395
1,1,3.2054646,23.883711,73.452469,75.585175,24.909803
1,0,3.5871696,21.415693,90.247292,67.222946,16.441242
1,0,4.0269589,22.485888,94.379181,74.907898,26.939951
0,1,2.4489791,16.122852,58.332561,56.55558,15.181739
1,0,2.2548838,14.781496,72.790619,69.150749,27.860563
1,0,2.8458121,17.282881,57.913795,56.508526,19.186861
1,0,3.7546072,20.798594,93.379112,60.758774,19.581724
0,1,2.0989754,19.672428,101.08256,61.351849,20.865822
1,0,4.1091413,23.889294,97.852692,76.675621,22.60136
1,1,4.0418458,18.192427,83.847916,75.910049,30.093542
1,1,3.2864704,22.856735,101.6484,92.525673,20.841057
1,1,3.2475014,24.432779,86.595604,77.088631,27.124784
1,0,3.5236585,16.578747,97.774818,80.815247,24.601273
1,0,4.1871934,21.440731,96.474937,70.722107,19.613714
0,0,3.8685491,20.229462,87.577103,73.354767,23.587488
2,1,3.0614431,19.154146,88.146004,63.533222,24.004457
1,0,3.8719912,18.20344,97.432304,54.35371,21.875566
2,1,3.1842113,17.208767,95.423714,74.607239,23.289186
2,1,4.3839474,20.678127,99.707756,61.801514,28.210989
1,0,3.1999595,20.593283,87.630531,64.257904,21.793386
1,1,4.2103806,22.215956,77.964973,89.010666,27.339579
1,1,2.9722209,19.523296,97.099876,70.323067,18.655876
0,1,1.719494,14.61637,91.733345,49.657047,25.293762
1,0,3.1753891,14.1753,79.220322,64.068764,14.181392
1,1,3.4709263,15.97863,82.252701,51.704456,20.741371
1,0,4.0297785,17.601295,83.265968,77.868324,20.571712
0,1,3.8748248,19.116434,71.794769,82.212158,22.947275
1,0,4.4035912,23.839195,88.102928,74.127029,28.150736
1,1,3.9231834,15.439182,81.180687,75.087196,17.639248
1,0,3.5506294,20.329603,83.65049,81.734406,24.743874
0,1,2.6320438,21.30022,78.620911,69.198654,23.882122
2,1,2.5448458,17.365343,89.181244,56.613693,24.695747
1,1,2.8114014,12.306101,77.206451,66.213081,20.403028
1,0,4.0010333,18.384689,89.691658,70.859528,23.16468
1,0,4.1770439,20.723501,89.337265,76.428253,29.641966
1,1,2.8696136,19.848404,74.298035,58.827396,9.9704981
1,0,2.9047754,18.562477,81.772034,60.929028,18.838196
2,1,3.3432977,18.531006,102.75985,53.16795,18.730093
1,0,3.3579488,20.122578,76.008018,49.094879,22.09444
2,1,3.3826351,17.430889,71.369621,76.580284,21.023228
2,1,2.7911785,18.170746,77.360039,58.601578,19.328709
1,0,3.1338737,14.088661,67.133766,63.049522,24.317814
1,1,3.256299,20.06064,86.651085,71.117195,18.746778
1,1,3.4551125,15.537247,79.983505,62.948669,23.839773
1,0,3.2138369,20.88903,82.846977,75.112762,24.759089
1,0,4.1551337,25.255442,115.30451,66.130325,35.31958
1,1,3.4146388,18.445797,96.334305,57.840931,23.329573
1,0,3.4723017,19.792307,81.601273,80.774567,17.794493
1,0,3.0401294,21.488111,86.430847,78.997818,24.905876
0,1,2.5546863,15.933189,68.770409,83.30278,18.084005
2,1,3.3422012,21.761435,91.059837,74.944153,32.464893
1,1,3.1510558,18.495277,62.342785,60.960175,13.478865
1,1,3.5857496,16.884272,74.182388,66.624893,20.988564
1,1,3.3911269,23.502588,88.12825,71.422417,17.620152
1,1,3.7261572,19.250366,88.876976,67.123192,16.358263
1,0,3.3311708,20.276777,78.021149,64.821091,22.177139
2,1,3.7629023,18.823225,92.529205,62.09486,20.131506
1,0,3.6208682,20.912222,77.17675,64.949837,15.399045
1,1,3.2976439,17.129217,103.27258,60.316494,26.855402
0,0,3.8352242,22.116814,89.823242,83.50235,17.934475
1,1,3.5081842,19.92392,78.753738,64.442131,23.96003
1,0,3.4008496,19.586193,79.091736,68.865417,17.089258
1,0,3.9455163,18.532934,92.755028,79.159622,23.201448
1,1,3.847162,22.599745,93.547035,85.033882,21.240486
1,1,3.4387424,19.156734,88.685081,49.521259,15.273448
1,1,4.1009736,24.143864,93.601021,83.431259,21.658562
1,1,2.6898127,19.446846,72.466515,62.278675,16.333132
1,0,3.2703314,22.497583,93.70974,86.824814,26.927965
1,0,3.1540229,20.015835,93.030876,59.907974,19.547707
2,1,3.2770638,17.436092,93.398865,59.758011,22.677761
1,0,3.5092769,18.638163,94.244438,65.974556,22.102154
1,1,3.3092659,22.33399,80.826263,78.03109,31.120588
1,1,2.9631128,18.170084,92.913155,81.438614,29.222694
2,1,2.677886,17.745874,87.328903,64.343956,18.456657
1,1,4.1157751,25.924101,95.205818,82.016563,28.365562
1,1,3.1371508,22.229597,81.689224,65.857605,19.605206
1,1,3.3705108,18.264168,75.819038,65.280602,14.041498
2,0,3.224288,21.278273,84.067123,81.713356,20.166039
1,0,4.2709861,20.545334,92.080009,63.135483,17.554337
1,1,3.1337516,19.698898,93.684723,75.244286,22.595058
1,1,3.5370963,18.82947,80.678612,74.180992,27.073168
1,1,3.5440845,20.243044,88.265236,77.694611,21.541899
1,0,3.0635867,19.338413,82.023346,60.419224,20.828382
1,0,4.0052867,23.239323,88.128441,88.994461,33.187523
1,1,2.5778062,17.049961,48.76902,73.304214,30.587055
1,0,3.4047318,17.185814,89.734833,64.254997,25.157415
1,0,3.3980935,18.59931,75.777756,58.200111,22.83967
1,1,3.1686308,22.572052,84.936424,77.132202,25.482843
0,0,2.4231188,17.203989,81.750443,64.33123,23.231806
2,0,4.748312,19.542374,78.217361,67.529984,18.458797
1,1,4.0131812,19.972828,77.069672,73.810966,25.928108
1,1,3.7895634,18.369432,90.833244,71.631477,25.046598
1,0,3.8228672,23.399872,87.328438,69.799759,21.496576
0,0,2.970629,21.350801,70.631165,72.926392,23.270809
0,1,2.986912,20.16695,91.422981,87.932289,22.819185
2,1,3.4745288,20.108395,93.480011,65.138062,23.613781
1,0,3.1144514,17.829576,95.706711,60.407745,16.869886
1,0,3.5347767,18.971491,78.547409,85.223991,30.329044
2,0,3.7523687,20.319595,85.146675,65.072311,26.394621
1,1,2.0763154,13.171535,77.209167,35.546875,15.296325
1,0,3.9436779,22.105864,88.990135,86.176552,23.877071
1,1,3.4135559,22.529289,100.07569,73.187973,30.29039
1,0,3.7648036,17.842669,83.782898,73.973534,22.446779
1,1,3.6307783,18.755854,83.90889,77.5466,22.425354
0,1,3.0022776,16.128103,76.496445,73.368637,26.693516
1,0,3.1257827,16.575644,84.545013,71.366714,24.040226
2,0,3.3674738,19.491962,80.846306,87.425713,25.781027
1,0,3.4816365,17.150208,86.340401,76.271286,21.782223
0,0,2.9635999,16.898129,84.654243,73.031509,20.23768
1,0,3.946914,22.125929,87.969902,72.091721,27.240374
1,0,3.9740326,20.097029,83.993553,70.522598,18.675856
1,1,2.7987466,22.50358,82.425629,70.366524,19.748249
2,1,4.4541111,16.424927,85.767166,75.97374,24.564198
2,1,3.1728601,14.742382,61.651031,52.918468,22.008738
1,0,4.2061996,17.275528,107.62775,92.996918,26.184072
1,1,3.0372117,17.856714,95.613586,65.342651,29.411846
0,0,3.8808949,23.538937,73.743622,62.123257,13.173826
1,1,3.7286344,17.176582,76.026764,58.400795,23.505939
1,0,3.7977338,15.37912,85.296089,64.193939,21.174585
0,0,3.1929526,20.929556,97.542076,59.37912,23.286842
1,0,4.3441296,23.552694,66.908638,71.317581,14.19054
1,0,3.5542493,18.179228,81.960373,82.309921,23.503071
0,0,2.6629484,22.884567,80.375237,61.756138,21.335415
1,1,3.1748195,19.656557,74.994125,61.834686,21.751705
2,1,3.7880225,20.144491,70.520248,57.886547,18.524035
1,0,3.4094167,20.407255,94.259109,81.738068,32.170052
1,0,3.6070583,22.087029,85.185753,69.300102,14.429876
1,1,3.3898282,18.347403,74.148865,65.269707,18.372089
1,0,3.2655337,16.913172,89.364151,55.226974,19.631618
1,0,3.6360965,20.454298,84.286034,90.600121,20.859209
1,0,3.0272677,23.026476,103.038,71.587494,23.160887
1,0,4.2646008,19.046268,92.626129,66.838219,27.817499
1,1,2.9461322,14.693805,75.999107,63.95322,28.93816
2,0,3.9717398,18.760616,80.79409,79.912621,25.199913
1,0,3.775321,23.748737,81.980629,67.818352,22.268469
1,0,3.2907879,17.818382,69.665207,96.939247,27.981291
1,0,2.7036572,19.587559,79.985786,61.406757,16.333891
2,0,3.960192,20.713926,74.617317,90.276505,28.649771
1,1,3.7019696,17.854109,70.609673,63.789356,20.578951
1,1,3.216327,14.771678,79.855431,55.942295,20.452984
1,0,3.2717481,23.2274,79.820267,64.317894,17.412775
1,0,3.962935,20.689165,91.181709,72.840958,26.01144
0,1,2.3068652,19.181763,66.770744,71.356033,23.655558
1,0,3.7760103,16.740032,79.552979,60.523392,28.298069
1,0,3.4725897,18.736216,74.842072,58.194088,25.910801
1,1,2.2659035,18.942352,80.629791,58.188084,22.502937
0,1,3.9020863,16.283495,70.536003,66.368797,25.122931
0,0,3.5077426,17.313204,89.600731,66.999535,30.148319
1,0,3.0572805,17.249327,106.19968,67.308876,26.780909
1,0,3.2532287,20.554039,83.108269,58.228653,18.943258
1,0,3.203532,15.952675,59.561752,57.296364,25.180399
2,0,4.1076674,16.860416,107.11327,65.172173,21.887449
1,1,2.7842231,18.153463,80.247284,63.772438,25.179245
1,1,3.4273562,18.240767,74.008858,62.854473,18.552649
1,1,3.1449172,18.363043,79.459038,61.282757,22.853334
1,0,2.539134,18.495274,73.900551,74.173065,27.371195
1,0,4.1977029,20.981859,93.459007,72.325066,25.067711
1,0,3.8816807,17.156054,84.987053,62.600456,30.030128
1,0,3.9438806,17.828049,82.302574,72.090385,18.163956
1,1,3.163744,22.267479,78.164261,85.032295,28.876396
1,0,3.9475694,20.622175,72.085709,66.041908,23.541254
1,1,3.0837672,15.602484,81.922104,66.846001,24.010965
1,0,3.5680435,18.444811,97.550781,65.822662,30.319443
0,0,2.3961153,15.491507,84.58493,55.054585,22.554308
1,0,2.6993551,19.070997,76.518967,54.807957,19.89732
1,1,3.7368073,21.440294,69.762627,77.050072,17.602264
1,0,3.7182002,22.113256,87.258446,77.681503,29.589636
1,0,4.3432651,20.795122,100.73327,81.144638,31.817734
1,1,2.3696043,12.901552,66.89196,45.24456,15.175557
1,0,4.4951415,18.370228,75.656639,64.556328,25.452728
1,1,3.7700317,18.293898,70.337868,71.889603,20.917469
1,1,4.1773562,18.788799,75.287918,61.839149,23.623522
1,1,3.6875339,21.01565,85.861282,73.68364,26.903059
0,1,3.1700075,19.31328,86.175903,74.50985,28.450939
1,1,3.3154285,19.286579,68.216263,66.411987,20.200806
0,0,3.5236158,19.51852,73.532478,70.745811,22.765053
1,0,3.3189266,18.316908,59.430229,57.530045,19.969898
1,0,3.076267,21.822952,90.068413,74.586121,24.70612
1,0,3.9556496,19.522881,74.132614,70.169838,20.128269
2,1,2.8288884,16.954794,78.499947,74.576645,21.733643
1,1,3.5557997,17.646605,57.384968,67.460831,24.505852
2,0,3.8115902,21.975914,89.888367,76.027672,28.55654
1,1,2.5526135,20.645678,75.136055,63.365463,18.287588
1,0,3.0293698,20.384985,85.635757,74.109688,30.686398
1,1,3.0053902,19.55562,85.131416,74.821007,23.759956
1,1,4.041965,14.979618,75.307579,45.397701,12.32015
2,1,3.6567857,17.914597,79.112885,63.897488,23.001001
1,1,3.6911664,20.305773,78.676102,63.219261,20.255814
2,0,3.9137039,19.972719,72.778419,67.454109,23.514858
1,0,3.2329044,16.107372,98.904564,75.643791,23.408121
1,0,4.1721854,19.503569,84.407944,68.416962,20.884714
0,1,2.834168,19.333946,86.213364,62.664303,22.906733
1,1,3.7949715,21.646429,87.046265,67.954834,22.04538
1,0,3.2081835,13.910975,78.618233,65.52681,16.072527
1,0,3.4163923,20.328213,75.697243,80.02446,19.517887
1,0,3.2530828,15.258099,73.684456,67.45636,21.145638
0,1,3.0014517,15.518535,77.755562,65.631294,23.531349
1,1,3.4230151,18.031502,89.732117,70.90818,25.83411
1,1,2.6512764,18.686998,80.999138,69.883446,24.837534
1,1,2.9670312,17.822573,87.52417,66.41066,17.166164
1,0,3.3784642,18.855486,104.29497,73.155212,27.279568
1,1,3.4257202,17.204754,71.25116,58.822781,21.858858
1,1,3.8328397,20.962318,77.492043,76.664337,18.367653
1,1,3.1788335,19.504885,102.42487,91.458817,27.87623
1,1,3.5104184,19.48715,68.338142,52.957115,21.409933
2,0,4.2373419,21.034304,87.74836,77.181786,24.623537
0,1,2.6209452,18.247166,81.262245,75.608757,20.667645
1,1,3.6101649,19.462044,73.306221,68.501289,25.076176
1,1,3.7118742,25.143974,88.967842,59.269203,20.734554
0,1,2.6334069,19.538588,82.703232,59.338707,18.253469
1,0,3.5385723,21.674011,89.548965,59.993698,13.296462
1,0,4.1129971,19.361423,79.491051,64.235725,24.279156
1,1,2.5446057,17.673954,79.784386,59.573074,21.506063
1,1,3.9626474,19.218573,104.55743,60.285816,26.801634
1,0,2.7662413,18.596413,76.843529,76.165176,21.883892
1,1,3.3435807,21.914379,97.141541,79.039421,25.391596
1,1,3.8162482,19.010004,71.001587,62.379398,22.300444
1,0,3.692965,20.621902,91.019226,63.688873,20.60848
1,1,3.2175069,16.239174,84.027679,71.058121,33.285858
0,1,1.6355932,15.602871,96.374176,67.148422,29.188887
0,0,2.1747949,17.22613,70.272888,72.819984,28.31094
1,0,3.4954927,19.586592,80.914803,73.93885,29.499643
1,0,3.5388031,21.446306,81.324432,81.174812,21.01491
1,0,3.6861057,14.574918,62.460491,66.308327,18.890135
1,1,3.8460479,19.904766,79.696915,61.15163,23.619709
1,1,2.7089353,17.862299,80.606926,66.85157,20.977663
1,1,2.4150419,16.115038,89.049995,65.605148,26.163557
1,1,3.4992642,17.093433,81.124229,73.005302,19.85977
2,0,4.5033326,19.874449,82.606606,72.40519,25.553205
1,0,3.7583683,19.492096,64.099098,65.840065,24.020241
1,1,3.4948535,19.656525,90.421288,91.010956,18.700335
1,1,3.3672881,20.260555,92.045746,71.41156,16.25243
1,0,3.431952,19.467905,77.738098,82.816437,23.89595
1,0,4.0526237,15.413123,85.300827,63.702877,20.142031
1,1,3.4714141,20.617781,88.871407,80.55645,25.757347
1,0,3.436012,19.980543,91.943718,74.095894,22.181095
1,1,3.6930406,19.006176,71.658638,45.088631,20.682865
1,0,2.8520796,16.717503,87.173248,72.889313,24.497736
1,0,3.5775607,15.566424,66.363708,67.827034,17.466522
0,1,2.7707374,15.860425,75.637817,72.90303,12.444586
1,1,3.8201549,20.191593,68.627419,83.541031,25.287512
1,1,2.9279194,21.069551,90.174034,62.325859,23.760246
1,1,3.4203734,18.31855,86.745308,62.318996,23.362171
1,1,3.0425479,19.735306,94.005997,61.680416,19.912004
1,0,2.6399393,18.340532,74.278976,65.99926,25.528933
1,0,3.6633737,18.524008,72.556694,66.4132,20.89385
1,0,3.3539691,18.431023,54.547466,68.418633,26.764742
1,0,3.8866649,21.317093,93.151352,59.312481,24.133673
2,0,3.4736068,18.722603,74.304321,70.195763,17.961155
1,1,2.9406612,19.583223,103.73564,79.225426,30.542534
1,1,2.8538642,17.273119,77.726921,67.354385,21.802954
1,1,3.1779561,18.580185,60.003532,65.259544,22.016958
1,0,2.7624469,16.511404,73.176102,60.613392,20.753006
1,0,3.0628362,17.871077,78.027573,61.817215,25.745178
1,1,3.185883,21.57859,75.307457,67.553726,16.596294
1,0,3.6365242,22.812405,85.882164,58.940742,23.556459
0,1,2.8528707,21.938274,93.123848,88.221344,21.112968
1,0,3.6704082,20.048523,101.68259,54.10017,23.462685
1,1,2.9611192,15.746668,64.954353,46.815983,15.623836
1,0,3.3175936,15.315187,82.635742,70.634781,28.058308
1,1,4.1179299,21.069099,100.50325,65.079933,21.143036
1,1,2.6763599,16.300844,62.817398,69.918617,12.486006
2,1,3.0921113,19.129215,81.09066,56.176777,18.268707
1,1,3.702795,20.089552,93.99469,76.129539,25.110798
1,1,2.4108119,18.765303,93.381767,55.096905,28.55611
2,0,3.5908403,19.275682,76.475143,59.845226,18.924505
0,1,2.6923146,20.750141,80.840492,69.113075,16.752357
2,1,3.2362969,19.930618,84.039406,76.871582,24.196754
1,0,2.8775909,19.750319,88.317841,75.424652,21.911877
2,1,3.9117169,17.467342,60.09901,65.617538,18.252583
0,0,3.3219028,21.728748,87.322395,73.523659,17.481472
0,1,3.397619,19.063499,81.993622,78.288086,20.063253
1,0,2.798907,18.412153,74.368584,60.995792,19.332338
2,0,3.5644679,20.191416,73.451187,61.327385,16.490446
0,1,2.5997212,16.31295,79.600769,43.55899,18.183598
1,1,3.0046527,17.032623,77.701958,74.054611,29.867893
0,1,3.3839746,17.049738,67.180016,66.155609,12.137294
1,1,3.4298639,18.579449,83.122795,58.591549,22.487154
0,1,2.687712,19.714907,96.409805,83.055649,32.900162
1,0,3.2667341,16.402681,75.180794,63.648636,17.906071
1,0,3.2204452,16.299137,86.879204,63.930752,26.450941
2,1,3.4489675,19.542288,92.698914,76.305672,21.587175
2,1,3.3650286,20.34272,93.642395,67.573616,27.263622
1,0,3.3957012,14.337596,69.682808,72.299644,23.499283
1,1,3.7091889,21.78894,85.667984,67.477989,16.174871
1,0,3.7085857,23.022076,78.013855,81.653976,28.068712
2,0,3.8699808,21.066252,71.669098,74.125671,23.659674
1,1,3.3137269,18.886105,73.772469,87.310867,16.767935
1,1,3.4076285,20.293299,84.041084,65.823143,25.271549
1,1,3.6352651,23.355164,81.853889,72.624794,27.480341
0,0,2.7279854,19.091972,82.249222,77.575661,27.060101
1,1,2.7468116,19.087259,83.87558,80.06765,24.665689
1,1,2.7103162,17.769184,82.614532,61.474068,17.433163
1,1,3.1542842,17.3773,82.058372,61.00845,23.51165
1,1,3.4543858,18.885908,89.237144,68.25621,25.564419
1,1,3.3828228,22.922661,90.647316,61.881607,16.113667
1,1,3.7917395,19.421352,86.72789,80.992546,17.191828
1,0,3.8343935,18.648176,85.107414,80.509148,22.602125
1,0,4.2219319,20.450817,73.599319,68.224968,25.719711
2,1,4.3558364,18.937868,80.458084,61.223145,19.103323
1,0,3.8220301,22.447882,86.424156,67.024094,24.671349
1,0,4.8240018,22.441332,95.173805,77.865013,22.105249
1,0,3.8267174,16.512327,78.10186,83.542992,28.956326
1,1,2.9530382,21.292364,87.11879,83.59922,19.872288
1,0,3.5577798,19.158583,84.741234,69.145119,24.34857
0,0,2.2591815,16.861631,82.910049,41.931702,23.91124
0,1,3.020401,18.069847,91.863266,62.232971,21.22506
1,0,3.4054081,13.96568,78.674118,60.87418,22.908421
1,1,3.042711,16.034603,82.935249,67.827034,16.363987
1,1,3.3821516,20.27154,72.227837,90.214539,32.761299
1,1,4.1006699,18.325857,91.64212,73.0438,23.030277
1,0,3.0755358,20.201172,71.470924,74.748886,17.285559
1,0,4.1311955,21.882284,97.249344,76.80294,27.365175
1,0,3.2395618,17.817558,79.94574,66.648834,17.904606
1,0,4.112154,19.070396,78.958466,73.181313,23.89856
1,0,3.0972631,18.55829,83.365242,66.445976,25.615458
0,0,2.9730823,18.905346,75.632355,64.016548,20.73418
1,1,3.7198386,21.054832,69.143349,87.366051,20.357452
1,1,3.1626718,16.071041,80.956718,59.741508,19.539368
1,1,3.0077932,22.766533,74.664246,74.476128,23.673658
1,1,3.6522036,19.701147,84.733658,76.384766,28.013826
1,1,3.7136364,19.107822,81.453835,58.572292,24.527458
1,0,3.0932949,19.378471,96.861778,70.343079,21.205935
1,1,3.1566195,19.621178,71.900185,63.083405,25.699982
1,1,3.4525802,14.079906,86.235313,82.49482,28.5916
1,1,3.3000612,18.462889,77.202728,70.727875,24.361925
1,0,3.6268275,19.173853,84.233994,69.218544,18.189842
2,1,3.0629139,21.423775,96.876694,52.921379,19.055754
1,1,4.052649,14.292133,81.245926,57.541702,24.93405
2,1,3.8851218,19.694576,77.880936,87.679382,24.564817
2,1,3.7146225,21.514898,56.848091,66.403999,18.118713
1,0,3.564707,19.151411,79.425087,73.833527,20.662189
1,0,4.3807402,20.564812,90.082916,67.67804,26.866119
1,1,4.2489161,20.641478,79.596542,79.42453,20.438826
1,1,2.3629637,14.404099,77.1633,55.756214,21.605743
1,0,4.3710961,24.29355,94.855446,67.909645,32.349297
1,1,3.9715266,22.660137,102.70364,76.37912,24.464069
1,0,3.4286799,18.406624,87.952576,69.329788,25.460699
1,1,3.1485198,18.996971,80.429337,72.122971,21.016249
2,0,2.8238645,17.885206,84.016556,65.014572,23.44076
1,1,3.7218397,19.398241,81.712753,61.261917,30.43066
1,1,3.3774459,18.32304,76.359848,79.475586,21.142178
1,1,2.4901831,16.759626,79.246109,74.827202,22.143646
1,0,3.3942883,19.00206,80.745285,66.231186,16.763725
1,1,3.2062433,18.520817,62.464474,70.836487,22.202713
1,0,3.4636889,18.599224,64.481148,61.352749,14.417479
1,1,3.1838791,14.474432,81.137489,46.683403,15.897191
0,0,3.4692125,19.159327,88.586723,89.573036,20.22629
1,0,3.7265248,17.977106,84.597801,53.312141,21.691244
1,1,2.7166891,20.233955,82.131577,82.367058,27.138317
1,0,3.3392887,18.433462,91.547623,61.224873,23.987934
1,0,3.0182147,19.750353,98.982002,55.799706,14.924002
1,1,2.6177816,16.069624,68.266678,49.271397,13.04455
2,0,3.0678439,21.394068,100.2867,78.393951,21.917835
1,0,3.637157,18.87126,90.930687,59.580589,23.736805
1,1,4.0919514,17.667933,71.618515,50.629456,12.528971
2,1,4.0032053,19.852459,83.219444,71.84948,17.134644
1,0,3.1034234,17.424046,83.989006,59.871555,15.553014
1,1,2.8307469,18.018505,78.261696,70.322868,17.974083
1,1,3.4614718,21.2824,78.184196,73.733696,19.772533
0,1,2.8079629,14.226241,73.962769,40.652687,12.673423
1,0,3.5453234,18.383038,101.10469,69.382423,26.911058
1,1,3.349329,19.612928,91.118385,48.346794,13.126971
1,1,3.5348742,13.671503,76.276459,39.802681,21.575565
0,0,1.9487047,16.437031,75.012375,47.545868,18.585537
1,1,2.9791965,19.6882,89.355789,68.296608,27.575367
1,0,4.2084494,22.078928,110.46792,70.742088,33.824951
1,1,3.7753747,22.055353,76.537399,81.979324,25.086054
2,1,4.1411185,18.4072,103.25092,62.612114,27.698902
1,1,4.2147741,19.377653,86.930496,70.220436,25.276886
1,0,2.9237046,18.281231,80.515663,60.21067,22.130232
2,0,4.418632,22.661417,68.445854,65.357758,25.022964
1,0,3.4691401,21.335972,95.035362,77.482254,29.417898
2,0,3.154057,13.081792,67.594315,54.499454,25.19253
1,0,3.4879413,20.084061,84.525764,72.316315,15.857707
1,0,3.4630642,17.915649,65.159241,61.840839,21.674126
1,1,3.7764516,18.15119,63.748478,49.59771,20.873541
1,0,3.6771488,18.952713,106.61951,60.055645,33.655121
1,1,3.3416557,18.756195,76.979439,67.962799,25.547905
1,1,2.8872025,15.79621,68.220367,46.388916,19.442053
1,1,3.3103626,19.418129,74.155014,64.877594,24.698473
1,0,2.9928486,20.931667,79.120598,61.704216,22.626835
1,1,3.1601903,18.7356,86.388985,71.300858,22.365412
1,0,3.3051651,16.093199,57.221092,55.662754,25.131075
1,1,3.0541174,18.11014,99.039368,56.774879,20.119751
0,0,2.6385038,18.987232,78.303757,63.595814,15.717072
1,0,3.8131397,17.038954,82.778427,76.180473,26.91568
1,1,2.6746643,18.061012,95.909859,63.246639,30.327547
1,1,2.7773137,17.446918,73.75473,47.411793,18.790585
1,0,4.4224458,20.943136,81.770096,80.35453,18.347769
0,0,3.1296897,12.097411,69.893356,59.165817,23.647442
1,1,3.208581,18.71493,77.661476,83.448326,15.210432
2,1,2.9724205,19.328789,63.220116,81.006851,23.893549
1,1,3.1485357,20.848757,86.221725,70.598663,20.346199
1,0,3.2081141,15.902083,82.421524,58.231609,22.50511
1,0,4.6857901,18.481632,68.56781,84.325706,18.564049
1,1,3.924334,19.160751,68.686363,57.289238,22.29162
1,1,2.8612182,16.824492,72.917107,69.067245,26.015387
2,0,3.8095293,19.80184,99.014351,58.942314,22.79722
1,0,3.6699104,22.939487,108.71793,73.60994,20.514202
1,0,3.5720782,17.987732,78.687019,65.698601,27.824911
1,1,3.0410054,20.79443,82.804588,71.065887,21.141361
2,0,3.7179849,18.113274,96.650391,66.570267,24.290941
1,0,3.5573602,21.102526,87.568916,80.226883,24.347933
1,0,4.8385758,22.685587,80.46125,65.352867,21.915026
2,0,3.5867853,18.682846,77.090149,73.115242,19.25247
2,0,3.817152,16.554792,54.650772,70.759232,19.833843
2,1,3.6960471,19.140688,100.39894,70.731087,22.573406
1,0,4.1000824,20.756058,88.760391,63.897243,14.626461
1,0,3.1637137,13.912998,69.881668,48.380676,14.394307
1,1,3.6825905,18.834072,71.956352,59.900658,16.948689
1,1,3.4675691,17.353422,56.571743,47.525616,21.344576
2,1,3.162493,21.081297,90.914948,58.254105,13.056256
1,0,3.4232261,20.76012,84.446892,54.018578,20.34374
1,0,3.7439098,20.7076,87.226173,67.716599,22.176311
0,1,2.9703918,18.109795,93.395721,87.548553,21.699301
1,0,4.3049169,19.645582,83.314247,73.833252,22.45924
2,0,4.1101236,21.046453,88.790649,64.698311,20.736763
1,0,2.8186498,21.315887,72.996246,64.112839,22.64673
1,0,3.2647948,16.046711,70.940933,66.9412,23.166645
1,1,3.7435477,20.152416,87.457146,68.900513,27.416344
1,0,3.7919221,17.142107,70.965744,65.728767,25.727255
1,0,2.5584352,16.545986,85.552933,56.905468,23.236864
0,1,2.7632766,18.153975,84.324768,79.005333,19.989017
1,0,3.6161201,17.090759,71.717087,61.822071,21.393219
1,1,2.5796804,13.764396,72.967888,65.771881,22.744059
1,0,3.964143,20.118017,80.566544,94.657303,30.689501
1,0,3.684586,20.048414,63.311142,61.524055,27.193094
0,1,3.8057637,17.833801,88.564606,79.76609,17.499113
0,0,3.0360718,18.99025,108.60686,69.026749,25.061508
1,1,3.5728385,18.73049,84.683884,59.82423,19.99423
1,1,2.5134404,20.247322,89.631226,76.004822,22.454967
1,1,3.5536335,19.627249,81.04921,78.4058,21.350687
1,1,3.1798482,21.956211,69.799988,63.123333,10.603441
1,0,3.1693916,15.606608,77.509727,66.030144,18.75881
1,1,3.0086703,20.297283,75.834541,59.035446,16.81222
1,0,3.9150591,18.727623,75.001183,70.22934,23.946934
1,0,3.7181401,22.057529,90.139671,81.5354,29.517128
1,1,3.4402966,21.218332,74.156128,69.109436,23.487843
0,0,2.8584549,20.029865,67.316208,71.065002,22.998472
0,0,1.893227,15.268583,90.03569,57.632912,24.776386
1,0,3.5822127,19.27322,69.947304,67.453606,18.588779
1,0,3.0663073,15.898211,65.43029,70.93586,27.536461
2,0,2.9069002,18.824656,85.846878,60.669697,16.42881
1,1,3.1547208,15.310239,73.246521,69.737404,25.545422
1,1,3.3284287,19.89329,93.569748,84.555748,21.70611
1,0,3.3884108,18.8162,94.364632,61.15469,18.695055
1,1,3.480808,16.133612,88.932922,70.524429,21.002598
2,1,4.0605531,20.120779,85.287918,64.531723,27.073673
1,0,3.2201633,18.30629,86.832352,70.582672,17.280003
2,1,3.27631,22.318722,74.990112,75.286148,21.095049
1,0,3.9802585,18.675892,61.987743,58.364822,18.203997
1,0,3.1408165,17.460405,77.954453,60.599548,21.742319
2,1,3.5770528,16.77532,88.748665,65.744041,17.599918
1,1,3.0743124,16.331028,54.609909,76.848335,19.439976
1,0,3.6478539,19.861269,86.152763,75.795273,24.458679
1,1,4.1755099,20.930029,90.920151,68.174698,25.327784
1,0,3.0200307,16.462254,70.461334,48.454643,21.917976
1,1,2.8181701,21.573708,78.649017,72.05336,21.406857
1,0,2.8675475,19.82032,87.034073,67.190826,22.160486
0,1,2.9031386,18.367617,73.504097,68.919754,27.998095
1,0,3.2416468,19.132158,86.881371,67.414131,20.372044
0,0,3.2527189,17.341352,97.006393,77.425308,13.625632
1,0,3.1997747,22.614332,95.68335,66.968933,18.209749
1,0,3.6703236,18.907722,95.226715,59.974514,25.322014
1,1,2.8757713,17.503052,70.196457,60.19841,12.908619
1,0,3.032768,15.974487,70.041878,55.940952,21.798576
1,1,3.1018329,15.073821,80.977135,46.358128,23.914082
1,1,2.6053243,19.010572,81.672867,52.039421,18.438612
1,1,2.727339,17.948589,87.986023,55.443825,21.581219
0,1,3.3723357,21.639162,84.805611,64.407402,24.984194
2,0,3.3672793,20.976053,84.204262,75.826233,22.735655
0,0,3.0214982,18.621073,94.752747,78.384781,15.438205
1,0,3.4531779,16.818064,88.414627,57.536541,21.804836
1,0,4.0890617,19.141954,69.858002,70.587631,20.368807
1,1,3.5834022,18.89937,76.286964,61.105133,20.623911
1,1,3.1511018,21.191574,87.799477,61.921036,22.586197
1,1,3.6463106,19.694574,78.69207,53.647644,26.528337
2,1,4.5958152,18.487085,80.747467,69.599983,28.996624
1,0,3.2932858,15.524372,67.195213,66.698883,13.528022
1,1,3.3718181,17.377367,57.668705,55.980354,19.509575
2,1,3.8766263,19.785042,67.220184,73.007133,23.002651
1,0,3.7277119,21.378878,75.836151,74.799103,29.852518
1,1,3.3936989,19.613365,81.196976,81.987335,19.185303
0,0,3.0464473,18.321947,80.783989,64.964821,27.616396
1,1,3.1312001,17.373381,67.940399,68.893211,28.036436
0,1,2.6727006,19.786636,75.140694,74.373375,30.397612
1,1,3.0325353,17.366327,90.046478,61.263599,23.716835
0,1,2.4689252,18.83279,76.776733,69.841011,21.233927
1,1,3.1863735,17.706045,84.257027,73.307579,22.27224
1,0,3.3207552,16.651339,73.235252,57.579273,24.682734
1,1,3.3789241,21.166958,82.674767,64.009361,19.422569
1,0,3.0278735,19.171228,81.370636,50.409393,18.000893
2,0,3.0381355,19.062771,75.999535,77.475487,32.215755
1,1,3.3036308,19.61261,79.454239,61.750069,22.503616
0,0,3.288255,20.401274,94.092857,67.002502,12.622386
2,1,3.6496713,17.636021,70.714973,63.345562,23.513569
1,0,3.6934407,19.873943,82.060394,49.754681,16.633774
1,1,2.9479256,18.258549,97.920448,73.943359,24.008221
1,0,3.1298466,17.5205,88.139549,71.314476,20.805098
0,0,2.6237023,16.97085,67.169724,60.815552,13.971678
1,0,3.3417563,20.475784,85.669365,83.540939,23.245092
1,0,3.5808105,19.583319,77.796852,62.407001,20.758226
1,1,3.12011,16.796148,78.925568,56.441769,20.962025
1,0,2.9763172,17.909008,87.238602,63.126732,21.169294
2,0,3.4682231,18.049091,80.429932,61.189358,23.207184
0,1,2.7910595,20.437391,81.869133,70.709824,21.350069
1,1,3.6059356,20.729155,101.80508,53.165268,26.912302
1,0,3.3594491,15.892962,90.39357,76.296547,23.639614
1,1,2.9454916,18.28208,96.214264,69.520226,24.541094
1,0,3.399858,19.497011,90.762405,65.3508,27.129877
1,1,3.2839894,21.245573,68.771576,76.584335,22.223446
1,1,3.5164244,15.941645,77.126183,47.243275,21.76775
1,0,2.8008327,17.872702,82.587791,63.493076,18.119747
1,1,3.6330359,22.428783,89.795242,61.900982,24.7435
0,0,3.1314311,16.214649,73.922684,58.90263,13.876435
1,0,2.9141552,19.904692,89.315819,69.314178,29.724792
1,0,3.6990864,20.134119,89.42495,65.461365,23.732582
1,0,4.0812082,21.081438,91.094711,69.724289,25.121666
1,0,3.5739295,18.47418,72.708466,61.877869,19.539753
1,1,3.2597437,22.884846,91.696541,91.93679,24.429216
2,1,3.3633204,22.79204,96.57869,73.198639,26.107504
1,0,3.0608582,21.065718,65.965218,66.593941,18.485481
1,1,3.3290393,18.661087,86.792412,75.777382,22.00993
1,0,3.2371519,17.250919,92.281921,60.568134,29.036581
0,0,3.4743841,18.289574,76.206291,77.996307,19.309389
1,1,4.1962738,21.260992,69.898689,99.370544,23.320122
1,0,3.7418833,19.776783,68.847435,69.527473,16.546228
2,1,3.0303936,19.708338,94.534073,73.723549,25.202358
1,0,3.2464557,18.064133,75.703041,64.956772,22.738605
1,1,3.1475852,21.815107,86.257759,70.975189,21.413645
0,1,2.5458446,15.827871,100.51952,70.327148,21.937122
1,0,3.4648359,17.595297,71.474579,61.87542,22.933876
1,0,3.6458719,17.86446,60.609219,74.757545,21.829784
1,1,3.1818237,19.427465,92.415489,65.990227,27.48274
1,1,3.5750694,19.266703,92.534653,86.368042,27.353464
1,1,3.5502675,15.858293,56.615372,66.164932,22.285738
1,0,4.0992942,18.547089,91.046257,54.945152,20.120747
1,1,2.9823492,21.304527,87.686935,66.238487,25.655987
1,1,3.2205236,20.619299,88.361649,67.637924,20.328499
1,0,2.9122436,21.848293,96.023186,62.90678,22.632885
1,1,3.1714683,21.929554,100.6424,78.323151,24.820349
1,1,3.1484787,17.953623,98.302826,69.473694,25.701019
1,1,3.2530892,20.969345,76.279617,65.897179,17.935926
1,0,3.9395382,18.545582,76.912903,52.298679,14.972035
1,0,3.5230694,20.427217,101.16118,81.703636,28.489563
2,0,3.0821316,20.57663,72.18029,79.249573,18.643465
1,1,3.7159266,23.296673,80.868042,84.314705,31.99453
1,1,3.2916896,18.798008,90.133621,74.12339,24.62443
1,1,3.0635724,18.432629,65.830727,74.983543,17.209066
1,0,4.0663991,17.159096,82.305664,72.862953,22.541857
1,0,3.6898918,18.095957,79.205299,70.552483,25.474447
0,1,2.08954,17.775635,78.690926,71.550224,23.4578
1,1,3.3282261,16.419365,77.208778,59.497936,27.780439
1,1,3.365413,16.238546,54.6306,76.424927,24.848852
1,0,2.8969717,18.493286,83.177574,62.36298,17.019211
1,0,2.2214677,18.284908,86.454918,72.882431,21.593018
2,0,3.5628321,17.99321,75.839714,68.55761,14.936192
1,1,3.3510284,17.795229,78.436394,64.02346,27.380005
2,0,3.5457988,18.190601,78.344673,59.476425,21.053059
1,1,3.027138,20.595524,79.036331,74.794312,25.697315
1,1,3.184489,17.273933,65.058723,63.828392,14.468066
2,1,3.1903234,20.599712,88.737358,70.041786,18.671516
1,1,4.2710042,20.913412,102.50008,89.046707,21.324545
2,0,3.2725065,17.831226,78.699814,76.546021,17.404942
1,0,3.4180663,16.13904,76.149529,67.670891,18.688501
1,1,2.7124462,20.083061,67.050644,39.732971,10.412581
1,0,3.4578586,23.010971,100.90075,64.38459,23.222885
1,1,2.7798271,23.176851,92.345284,60.563858,20.190767
1,1,3.0254259,14.306341,91.350342,74.665245,23.015471
0,0,2.4800813,20.78664,92.374077,72.473984,19.834196
1,0,3.5649199,21.281834,87.593376,52.85804,18.635935
1,0,3.9652841,20.714142,91.004936,68.505295,30.240446
1,0,3.6180403,16.449282,75.254898,78.206276,17.208408
1,0,3.0861316,16.976648,77.240318,68.85672,21.59367
2,1,3.7016103,20.48307,87.554153,68.813904,29.855633
1,0,3.4948602,21.192274,84.60482,84.90303,27.255068
1,1,2.2306373,18.042971,88.319496,64.035942,26.453793
0,1,2.8205683,18.007692,78.359612,56.399719,23.000713
1,1,3.4688375,23.604824,95.687752,75.395866,22.076157
0,0,3.4231133,21.889576,97.608025,67.523804,21.489485
1,1,3.291688,18.936953,91.528702,85.708389,26.408045
1,0,3.493294,22.540226,85.921234,59.001888,21.56245
1,0,4.2192101,22.931953,77.643173,88.546272,12.909259
1,1,4.1044617,20.435938,77.940613,75.383949,24.227154
0,1,2.3791847,16.976015,80.662491,70.288109,19.47661
1,0,3.1150482,16.211943,90.13765,48.352249,19.350092
1,0,3.5112619,22.847631,112.83507,78.655388,32.149242
1,0,3.6299701,20.753605,93.436646,78.131668,29.699757
1,1,2.9543483,18.149948,75.751892,77.689697,22.591179
1,1,3.1071064,16.212431,79.78672,51.403133,14.356795
1,0,3.5541837,17.317787,91.90316,79.24427,30.810934
1,0,3.643074,21.096598,93.957657,77.474731,34.110847
1,0,3.7454448,17.159901,78.972206,56.823242,23.6716
1,1,3.0880632,16.573189,81.626663,80.185211,24.697674
0,1,3.0278292,23.225119,90.511986,75.985603,20.330685
1,0,2.3466036,16.753141,82.405777,59.293594,18.781057
1,1,3.309207,23.896584,94.805885,88.701942,24.051497
2,1,2.5614772,20.554413,85.751083,54.170895,19.388493
1,1,3.3299258,18.998915,99.365234,63.277405,26.675447
1,1,3.8593969,18.489075,80.59967,60.669617,21.627098
0,0,2.7596474,13.079287,69.403755,80.285126,22.172148
0,0,3.0365515,21.528221,92.392067,75.79612,24.805687
1,1,3.6620541,17.088289,76.543793,84.035324,17.717546
1,0,3.4852448,22.293224,92.508492,69.414284,25.504005
1,0,3.430707,17.593824,93.459175,78.595276,30.432844
1,1,3.0307777,19.33173,73.216087,78.646736,17.868797
1,1,3.3505452,19.847744,93.654297,68.090477,20.883188
2,1,3.4259915,22.473743,92.322578,98.559402,31.045834
1,0,3.519047,18.275812,71.266388,71.582649,17.875547
2,0,3.6453834,15.728161,85.517525,66.701027,24.042435
0,0,2.7842662,17.514578,76.388855,69.615036,17.571976
1,0,3.2294793,15.500461,80.550758,69.506111,27.569706
1,1,3.4309094,22.332306,75.103149,76.198555,21.027859
1,0,3.040936,18.83416,73.041443,64.543022,22.088394
1,1,3.8171608,21.806265,92.193405,70.487419,15.788027
1,0,4.5551105,22.040258,83.341949,87.223747,26.890951
1,0,4.6594205,19.823833,83.572273,60.625717,29.442686
1,0,3.1806931,16.758492,76.082253,80.996719,22.462154
2,0,3.7042973,15.778635,51.944904,67.518532,16.938042
1,1,3.5593939,18.588617,93.457268,72.327988,19.956223
1,0,4.5893173,25.28816,80.639938,93.696449,22.390671
1,1,3.5998316,18.318027,95.117523,56.103882,21.527264
1,0,4.8648329,22.134134,93.042175,69.313515,22.328176
1,0,3.8435626,20.896318,73.472847,67.513527,29.822533
2,0,4.1527996,20.630568,87.591591,70.261681,24.857336
1,0,4.218277,19.324137,71.1539,80.040489,23.380186
0,1,2.9934907,22.368109,85.961334,72.504272,19.595949
1,0,3.9269624,22.284355,73.315231,78.696106,23.975574
2,1,3.2576718,19.288954,89.723335,72.794098,24.110134
1,0,3.5995891,19.267122,81.350868,62.644241,26.179438
1,1,3.4640062,18.404675,93.21093,68.92733,27.576746
1,1,2.3441734,16.99148,92.75219,65.662811,16.27162
1,1,4.3453212,22.229437,89.758499,72.311668,21.542391
0,0,3.6299667,19.109327,95.618904,69.497948,27.649096
0,0,2.6132593,13.706971,61.229855,40.450905,18.609343
2,0,4.0976605,16.518583,59.920223,61.235996,20.454878
1,0,3.529845,18.56469,95.470062,55.736477,22.927816
1,0,2.9238081,15.977614,55.961346,70.551102,17.837454
1,0,4.188015,17.289888,77.300781,75.088959,17.89999
1,0,3.314569,21.413519,82.208282,69.923691,25.132626
1,0,3.6234577,23.640619,86.439011,83.861023,26.101624
1,1,3.3888211,18.379148,87.358696,67.978111,13.36195
1,0,3.0212991,17.959183,85.427628,69.901619,21.681894
1,1,2.9115226,14.37942,59.585384,73.675018,21.305666
0,0,2.89835,21.446466,111.25271,95.033211,30.455193
1,1,3.5452576,19.781679,84.274521,78.350563,25.693027
0,1,2.3895464,19.477264,92.752663,78.117432,26.039682
1,0,3.4591925,18.959412,88.797241,75.039307,24.515011
1,1,3.9792299,22.015783,101.57477,76.777939,29.906237
1,1,2.751353,14.944085,84.186592,60.232296,18.064066
1,0,3.0997772,16.904257,73.770584,62.511276,17.466681
1,1,3.9919364,22.856066,78.802483,84.791794,27.636288
2,0,3.7775846,18.120171,92.882477,67.635551,25.501637
1,0,4.101553,15.516294,81.674065,83.053833,24.96047
1,1,3.5573318,20.550514,85.246727,64.984299,23.402691
0,0,3.3457456,20.278545,104.33426,63.451508,21.368935
1,0,3.7237468,16.666912,71.437233,65.873169,29.822586
1,0,3.2061508,17.444599,84.423882,62.12854,27.262478
1,1,3.3806844,19.244532,80.360054,68.729652,24.517717
1,0,3.5676293,21.00976,70.007446,68.777275,19.953041
2,1,2.9668064,20.079973,76.590561,69.121895,22.53281
0,1,3.0286622,17.535954,86.857628,62.877308,22.378241
1,0,3.0236957,16.862556,99.004875,75.318123,29.507267
1,1,2.995857,15.620299,77.100548,66.300034,26.60347
1,0,3.301347,16.472265,91.766388,83.625198,18.633766
1,0,3.5333464,22.356743,80.989799,75.475441,30.557779
1,0,3.8934569,19.421417,73.006409,63.335373,20.557095
1,0,3.6733408,17.895918,71.49192,75.800232,28.115156
1,1,3.7236612,16.195381,66.968681,71.001633,20.627983
1,0,3.2536886,19.238562,84.606102,63.845531,17.146299
1,0,3.4208207,19.22308,105.4603,79.977112,20.949392
1,1,3.9629731,21.895987,73.616692,67.950089,28.813904
1,0,3.4638226,21.106207,92.588844,85.765663,22.69453
1,0,2.3672333,17.04892,88.617188,72.158714,22.081396
1,1,2.9331994,22.052139,89.20739,76.835304,29.966427
1,0,4.3426433,17.245476,98.347816,50.945587,22.29133
2,1,3.674382,22.521839,79.3554,82.259338,31.539946
1,1,3.4462593,22.962143,72.65007,73.522186,23.830564
1,1,2.9743853,18.784456,83.571526,82.744904,15.366675
1,1,3.2024279,17.338581,82.606979,60.708721,15.532277
0,0,2.9602971,19.062727,96.010124,49.801888,22.299629
1,1,3.7618222,17.101242,91.817909,71.324028,18.305069
1,0,3.4022577,18.500595,91.883904,66.529633,23.489269
2,0,4.0293732,19.129642,84.250404,69.575882,20.233459
0,0,3.2815049,19.368494,104.63988,67.980072,24.645861
1,1,2.0596945,16.201059,59.600681,50.741405,19.52165
2,1,2.9481604,18.272669,70.582268,68.48407,21.27371
2,1,3.7664363,19.363892,72.21096,84.122757,19.130487
2,0,3.3249764,18.815983,71.27404,67.387772,13.595448
0,0,3.4574964,19.72357,88.282211,57.948002,26.038826
1,1,3.8787336,24.178745,88.715683,70.416885,22.551399
1,0,3.5201423,20.515167,70.250092,73.369675,30.812658
0,0,3.2030184,21.808308,87.807442,78.076675,30.692694
1,0,2.5857155,20.100605,90.280098,73.480476,15.466879
1,1,3.633755,21.576727,102.10903,78.231712,30.553429
2,0,3.5994108,15.566127,71.45063,62.64677,14.910848
0,0,2.5634656,17.431616,78.702148,59.013508,22.015907
1,0,3.0336907,20.701283,68.019745,65.134567,25.297779
1,1,2.8549113,18.91836,83.89167,63.973583,25.639666
2,1,3.8441908,16.921124,69.261307,62.2682,20.736626
2,0,3.7687247,24.734661,78.315437,90.951004,23.446226
1,0,3.0687416,22.132813,93.996254,66.384041,24.443907
1,0,4.170085,22.02981,99.605011,89.322136,27.237629
1,0,2.8968768,18.060551,78.367783,72.875237,25.174093
1,0,4.9925075,19.89185,69.808853,78.737038,24.600624
1,1,3.3396676,17.14217,92.16626,47.841656,21.34893
1,1,3.1165073,19.27557,75.40448,60.737419,15.288983
2,0,2.9827328,19.805817,73.652428,87.122345,23.760422
1,0,3.5081971,19.844328,72.548187,81.313683,22.989384
1,0,3.0656753,18.261158,88.803741,65.513588,27.387527
1,1,3.4805193,19.585224,82.451904,70.898293,18.361567
1,0,3.4230769,19.286402,81.843956,68.150055,28.22884
1,0,3.5732224,16.952648,77.195404,59.288288,30.215572
0,1,3.5565355,17.265759,81.947876,60.74929,23.797386
2,0,3.5391665,15.697023,80.847275,77.215324,31.400984
1,1,3.8359635,22.743509,81.870804,72.155281,23.503424
1,0,3.0084922,15.653084,66.428963,82.204758,23.077497
1,1,3.8314791,20.628695,78.693787,74.188934,34.252911
2,1,2.6680415,16.481997,95.09687,64.666641,15.970639
1,1,3.6023202,19.546728,74.775833,69.538879,19.00979
1,0,4.1225119,17.927774,92.114632,72.028053,26.282164
1,1,2.4610605,21.713951,83.187614,71.040695,19.895794
1,1,4.1222758,18.202606,82.034508,80.156319,24.109133
0,1,2.6731336,18.631134,82.940399,70.400414,27.284008
1,0,3.6117392,20.275532,82.569557,60.904541,19.186642
0,1,3.0999663,21.813122,95.272415,87.206009,24.540062
1,0,4.0152001,20.017284,76.719994,61.194698,29.204041
1,1,3.8391838,20.087864,78.534653,66.712502,32.374756
1,0,3.4618957,20.360933,91.657196,60.767036,20.192652
2,0,3.6338639,16.471489,75.482452,72.484123,24.842522
1,0,3.0488822,19.362764,90.085548,77.549049,18.979134
1,1,4.2819486,20.100416,104.69054,56.015659,17.961185
1,0,4.1126776,19.08869,109.70684,75.6614,20.499685
1,1,2.9945261,22.713402,94.183655,70.070938,31.277288
0,1,2.8979173,18.49229,81.904716,77.779984,26.541592
1,0,3.776998,18.592718,79.274612,69.034859,20.16157
1,1,3.6873441,18.443541,77.739456,56.021763,18.642
1,1,3.6424325,20.379629,111.44066,80.650909,20.303659
1,1,3.1970322,18.649086,69.396858,63.956764,24.348852
1,0,3.7665377,19.553562,64.637947,73.629898,28.68145
1,0,2.9006696,19.967047,99.169121,85.964813,23.817442
2,1,4.2366834,19.246147,75.708183,71.574997,15.277299
1,0,3.7242558,20.547029,75.576431,69.530777,20.01363
1,0,3.5306067,20.479828,88.823952,86.996735,26.534012
1,0,3.978004,21.117519,87.38575,63.357426,18.737383
1,0,4.0966315,18.959904,103.02985,68.507149,16.037539
1,0,3.5543828,18.991726,95.47934,67.870888,31.093292
1,0,4.1430802,19.138361,89.424553,72.552773,20.455986
1,0,3.9887452,21.026474,85.540146,70.049789,24.051743
1,0,3.0334046,20.042408,98.812691,73.959061,21.405642
1,1,4.5252762,23.004618,82.446259,65.674431,24.220547
0,0,3.1479766,16.6549,78.64325,62.67205,21.335461
1,1,3.4205148,16.82811,96.399696,60.861568,24.36701
0,0,3.4300313,14.518071,92.575035,64.554153,21.199766
0,1,2.7061038,20.037949,92.164032,69.304596,16.731237
0,1,2.7141526,14.293923,63.500553,74.387871,23.775229
1,1,3.5673957,17.563755,68.685097,59.799526,18.043056
1,1,4.0868149,19.7987,87.304283,64.114029,20.350348
0,1,2.6832855,20.296398,100.09627,67.841141,26.054308
1,1,3.8629079,19.608618,87.281624,59.831264,17.140617
1,0,3.5341473,18.471109,84.290604,68.266884,24.653238
0,1,3.4632246,19.365028,71.049698,48.702675,23.584915
2,0,2.9453392,15.90025,88.145828,36.683834,17.608648
0,1,2.9895484,18.346849,68.239792,70.254913,21.91717
1,1,3.4707403,18.197674,79.547501,76.009644,22.742907
2,1,3.3730133,19.407192,74.095703,62.773205,24.558369
1,0,2.6095591,19.448473,83.202881,69.571983,24.269114
0,0,1.9970919,15.399507,79.610802,62.135391,28.098295
0,0,2.5172198,15.765372,88.265724,80.624283,30.531506
0,1,3.1161165,17.417356,72.51075,72.361542,16.754927
0,1,3.0337989,16.221205,62.519283,73.713104,21.444357
1,0,3.8381789,20.044399,79.448463,65.043472,22.70429
1,0,4.1149883,21.5928,73.837776,72.858818,17.680275
1,0,3.7817822,15.325763,90.867935,59.31953,14.466954
1,1,3.0297563,18.873272,83.218079,53.858009,16.88159
1,0,3.3740335,19.174944,77.70813,63.901718,27.445902
1,1,3.3614573,20.236317,77.93512,52.279644,13.911604
1,1,4.1184583,19.824112,85.704071,93.009323,24.731209
0,0,3.3133948,19.217068,81.590302,81.20137,18.522238
2,0,4.2846136,18.654486,80.847542,62.043636,22.912525
1,1,3.3108568,20.131401,75.049187,83.336891,23.223999
1,0,3.2594023,17.808752,97.069366,61.586395,26.56566
0,1,2.7688417,12.659659,67.432793,47.517971,10.544642
1,1,3.3268983,17.760767,80.443787,53.996353,12.242229
1,0,3.5696814,17.804247,83.757805,73.353828,23.398705
1,1,3.125128,18.440134,82.579941,83.003387,25.421282
1,0,3.4410992,18.148336,84.662361,74.848694,28.95159
1,0,4.1892142,21.718966,91.980476,76.191925,30.22364
1,0,3.2485299,21.080072,96.9701,71.418274,25.534973
1,0,4.1942725,15.357875,106.10134,56.708851,26.608839
1,1,2.6533365,20.122467,95.461205,71.60099,22.606188
1,1,3.4443116,19.774345,87.126785,80.669899,29.363712
1,1,3.7335031,19.565758,76.648735,63.971672,22.689913
2,1,4.0465875,19.720057,88.647163,62.816334,22.271433
1,1,3.1210973,19.912323,63.488937,65.156967,21.775288
1,1,4.4792323,19.83819,76.380043,64.091339,24.060274
1,1,3.8001769,16.855648,74.686493,70.454971,34.71537
1,1,3.0675247,19.733633,95.087074,79.291138,24.956518
2,1,3.9752707,20.495275,88.53257,70.798531,22.450365
0,0,3.5436306,15.713317,52.861244,56.026981,18.649977
1,1,3.1478221,23.222923,85.568802,71.312408,23.112961
1,1,3.3738739,18.25811,76.612175,71.434464,19.908319
1,0,3.2427335,21.261843,102.58879,65.378349,21.399506
1,1,2.6285794,20.119043,71.516914,82.05938,22.481321
1,0,3.4840288,20.527527,86.121338,56.012833,16.524712
1,1,3.7823713,17.116941,89.808945,61.496029,26.53215
1,1,2.4826818,21.271536,81.601143,62.34906,27.670698
1,1,3.6176026,18.968664,83.73571,74.213295,17.187597
1,0,3.874408,17.507345,73.035622,70.31353,24.924406
1,0,3.2442601,14.225409,85.928551,69.592773,21.684084
1,1,3.3672838,17.985888,106.91816,95.592346,23.043425
1,0,3.1775141,14.867694,81.021431,61.67627,22.903578
1,0,4.1504979,23.759418,109.6366,73.541435,26.058168
1,1,3.0622089,16.284414,85.293076,77.359077,20.992771
1,1,3.7408757,19.29954,66.945656,46.856384,22.354799
1,0,4.0540605,18.243307,76.524818,71.194649,28.823959
1,0,4.0815792,19.670984,84.161392,82.660309,32.114616
1,0,4.1548862,21.017071,93.333847,93.029716,18.016665
1,0,3.3340943,19.960907,90.094788,46.050968,14.307161
1,0,3.978899,22.115717,93.293938,72.021347,25.497084
1,0,3.0658088,17.843941,74.658821,55.742691,22.960594
1,0,3.1527948,17.548801,76.631836,76.420952,32.139679
2,0,3.1334395,19.783234,85.934128,62.261623,19.501856
0,0,2.4387002,16.134655,77.043999,71.496536,15.768395
0,1,1.67377,16.826111,99.236946,65.926605,22.892557
1,1,3.424608,17.635628,78.095474,68.212379,26.564283
1,1,4.1622024,19.5863,89.478798,89.312355,21.355427
1,1,3.3701441,21.465714,93.367714,96.359001,29.938318
1,1,3.1052823,12.904517,88.667946,62.880318,24.67841
1,1,3.5265357,22.45912,76.706337,75.496391,35.358425
1,0,2.5506892,16.693344,72.056129,75.09034,17.070684
1,1,3.4172323,20.009754,94.136208,71.659515,29.04323
1,1,3.6081686,17.288847,75.505722,61.876842,22.586372
1,1,4.0780382,20.425045,79.94532,81.882011,28.150318
1,0,3.1636386,16.228977,79.648117,80.397057,23.933006
1,0,3.5241671,19.365341,72.486702,67.936493,18.418394
1,1,3.6108346,19.031752,99.206474,68.567604,22.340935
0,0,2.1637306,17.343712,60.29771,68.612663,13.344635
1,1,3.2873993,23.467314,104.81801,89.781166,23.469173
1,1,3.6038287,20.341351,61.12389,66.175743,21.426453
1,1,3.5921755,22.622858,85.609322,57.946251,20.501595
1,1,3.9009886,19.295261,70.593857,72.07341,28.135784
2,0,2.9623218,17.178316,79.062813,76.105522,29.899576
0,1,3.0247409,18.906214,94.531914,78.41478,19.176144
1,0,3.6087129,19.645607,77.146675,61.407536,16.460228
1,0,3.087024,15.074164,73.426796,50.03558,19.678068
1,1,3.5621481,23.404299,90.030899,60.698517,19.825266
1,1,3.5304923,17.363985,72.781006,70.260124,24.001204
0,0,2.6182823,17.45879,92.693512,76.263992,22.759928
0,0,2.719291,22.308023,71.770912,83.261116,24.030241
1,1,3.1537817,20.61294,79.252815,82.056206,27.274139
1,0,3.8926737,16.927458,77.601738,74.616119,20.315548
1,1,3.4447527,17.353563,70.069595,64.873077,27.527508
1,0,3.0729408,21.114052,106.36031,80.662041,29.951004
2,1,3.1092551,14.923488,67.457253,77.488731,29.351568
1,1,3.794838,16.732973,74.447403,68.54113,23.876665
1,0,3.3510268,20.980921,98.697983,73.059441,23.665012
1,1,2.7449851,14.674084,76.686157,72.125008,25.502396
0,0,2.2302783,19.334784,79.424347,66.551773,21.130526
1,1,2.7949429,16.59737,82.254074,77.278816,24.188526
0,0,2.8618562,17.022434,68.084496,49.751873,25.356297
1,1,3.295857,20.783779,72.77636,53.531944,17.301283
1,0,3.433244,17.628763,88.681641,78.659264,18.853914
1,1,3.3323157,18.661711,76.3246,64.986656,21.486517
1,0,3.5284283,21.104811,84.841354,63.099792,29.781855
1,0,3.4659834,23.815237,95.832481,70.878227,21.34071
1,1,4.5264335,19.186403,84.54023,63.134048,19.135176
1,1,3.1710129,17.128983,65.992065,42.395325,11.330014
1,0,2.8883834,17.26247,73.587479,63.707161,20.934292
1,1,2.6850619,15.799262,71.929245,48.90675,14.510948
1,1,3.4951878,13.769511,95.970482,73.086945,24.942854
1,1,3.2674291,21.298504,91.728912,70.404877,22.215158
1,1,3.3400905,16.721685,74.711739,63.618168,20.120329
2,1,3.2710783,18.068819,63.638519,71.100952,24.007841
1,0,3.5782633,21.335524,89.636276,66.082726,20.075905
1,0,2.9378479,15.865229,81.681625,57.961426,23.887894
2,1,2.7859046,19.483894,68.850449,69.997688,16.781342
1,0,3.7489069,20.248503,92.709,77.80822,25.137774
1,0,3.5883381,20.220133,79.409119,65.473007,23.67078
1,1,4.020587,19.272089,73.168289,80.622307,22.626736
1,0,3.1570902,20.371944,77.992844,66.209,15.277552
1,0,3.7351394,16.151173,81.541794,59.656052,25.158663
2,1,3.7457061,18.135685,70.622009,75.087128,21.282837
1,1,3.2345512,22.646618,83.416252,76.513344,21.520006
1,1,3.45346,18.163298,99.473419,70.943336,27.861906
1,0,3.4117343,18.735052,93.146332,66.219063,24.631609
1,1,3.3073153,18.798811,66.463638,65.502846,21.144575
1,0,3.1666584,16.144575,75.007278,81.272995,18.557615
2,1,3.6403458,21.018976,73.673195,67.067406,27.879789
1,1,4.0317388,22.002247,93.213531,81.074402,29.968603
1,0,3.2987311,18.887844,95.282532,54.573299,27.043488
1,1,3.0235763,16.333843,75.820923,69.930397,19.659515
2,0,3.3685558,17.888493,69.143875,64.174255,24.773989
1,1,3.4336689,22.882952,95.344559,91.324554,20.786669
0,1,2.4870284,20.524178,81.40329,71.315849,24.141651
1,1,2.6764612,18.038528,87.165215,72.435341,22.68972
1,1,3.4151831,19.931583,73.540565,75.77018,13.715906
0,1,2.9576473,16.051435,81.817558,68.641884,21.937061
1,0,3.5166667,15.577111,70.110107,76.745201,26.969929
0,0,3.1063502,19.940651,96.804535,56.293118,16.799368
1,1,4.0720944,21.981224,87.154724,71.677155,25.962202
1,0,3.5781114,21.843456,99.149818,62.73946,28.4128
1,0,3.5417762,21.178682,90.201805,66.464783,27.723536
1,1,4.0596099,19.688091,96.442085,54.287357,22.978706
1,0,3.8072243,18.8785,78.762894,83.837234,23.694569
1,1,2.9267986,19.004486,68.385498,70.753159,25.002377
0,1,2.8692045,17.168678,71.29496,58.418228,16.385279
1,0,3.4770575,18.299543,86.948761,87.033432,23.090588
1,0,3.2950518,21.269493,90.481323,68.86544,26.175056
1,0,3.9659343,18.460274,67.57946,59.315067,23.699894
1,0,3.805258,17.22086,75.232735,68.536575,22.878363
1,1,3.4988561,17.48333,66.524948,76.555359,21.252687
2,1,2.9138169,20.209841,74.961166,65.149704,21.417255
2,0,3.832463,17.381849,64.962639,68.204315,23.388521
1,0,3.5770175,19.054998,95.161743,60.880058,23.720507
1,1,2.7051055,17.017281,81.091743,71.883072,21.335318
2,1,3.4946613,22.392553,83.958199,67.263023,16.525579
1,0,3.3235037,17.663116,91.767784,58.303097,21.321648
